Delta,Omega,Re[rho_eg],Im[rho_eg],rho_ee,SSRe[rho_eg],SSIm[rho_eg],SSrho_ee,ss
8,3,-0.009479644342062166,0.284061133382852,0.688495593737771,0.006594039290988011,-0.06182824862681187,0.051810657729727705,1
8,3,-0.16537135486020516,-0.3671125198726328,0.39501364689212903,0.006594039290988076,-0.061828248626811855,0.05181065772972769,1
8,3,-0.4629652188847544,-0.22537686445366312,0.27940822643657315,0.006594039290988011,-0.06182824862681185,0.051810657729727705,1
8,3,0.058340281700619556,-0.10818538248212617,0.38287467298037714,0.006594039290988067,-0.06182824862681186,0.0518106577297277,1
8,3,-0.019540739290404785,0.010352013028441576,0.8704891278854037,0.006594039290988093,-0.061828248626811855,0.051810657729727684,1
8,3,0.23986713265058457,0.1680554923767923,0.8781508039193171,0.006594039290988048,-0.06182824862681187,0.0518106577297277,1
8,3,0.48782062003816984,0.46365214262939203,0.30282271808922956,0.006594039290988035,-0.06182824862681187,0.0518106577297277,1
8,3,0.38138340574749563,0.3631188037853057,0.7950618035523991,0.00659403929098801,-0.061828248626811876,0.05181065772972771,1
8,3,0.44475954506430626,-0.17022646717571144,0.24150753196911334,0.006594039290988055,-0.06182824862681187,0.0518106577297277,1
8,3,-0.21100769687071597,-0.09040556846652525,0.9691865742454497,0.00659403929098806,-0.06182824862681188,0.0518106577297277,1
8,3,-0.2517674867613249,0.20339237420343426,0.12994898596096327,0.006594039290988087,-0.06182824862681187,0.0518106577297277,1
8,3,-0.013360139868860532,0.33510399110341105,0.630292021164572,0.006594039290988098,-0.061828248626811855,0.051810657729727684,1
8,3,0.4677393765043647,-0.28300073408348836,0.007871111072956571,0.006594039290988042,-0.06182824862681186,0.05181065772972769,1
8,3,-0.18867460466577723,-0.17820217487841505,0.5213681618346571,0.0065940392909881,-0.06182824862681185,0.0518106577297277,1
8,3,-0.46894661072895616,-0.40070063674066114,0.5794386471191355,0.006594039290988063,-0.06182824862681187,0.0518106577297277,1
8,3,0.0839835564432978,-0.11924072200349722,0.6699340915130352,0.006594039290988066,-0.061828248626811855,0.05181065772972769,1
8,3,0.026980851430385533,0.11158631859704893,0.752933148996735,0.0065940392909881185,-0.06182824862681187,0.05181065772972769,1
8,3,0.3394447446846838,-0.052946495756819534,0.765761720482099,0.006594039290988054,-0.061828248626811855,0.0518106577297277,1
8,3,-0.4065211981179968,-0.04259093232320499,0.22741538769238012,0.006594039290988036,-0.06182824862681187,0.051810657729727705,1
8,3,-0.23293231788686053,-0.3618476735538749,0.4501462843189037,0.006594039290988031,-0.06182824862681186,0.0518106577297277,1
8,3,-0.1765560613694217,-0.12979571784421173,0.120495070882082,0.006594039290988019,-0.06182824862681186,0.05181065772972771,1
8,3,-0.2074353662125099,-0.08976394268074084,0.16934505056443094,0.006594039290988023,-0.06182824862681186,0.051810657729727705,1
8,3,-0.33462571662246954,0.3842721131153266,0.9356345147117848,0.006594039290988033,-0.061828248626811855,0.0518106577297277,1
8,3,0.05379219278239433,-0.469485371589601,0.7143178784489543,0.006594039290988036,-0.061828248626811876,0.051810657729727705,1
8,3,0.4872146424924384,-0.25132043898100953,0.5682256627815994,0.006594039290987678,-0.06182824862681179,0.05181065772972773,1
8,3,-0.28182331567441765,-0.1502095657294742,0.6235591820582158,0.006594039290988023,-0.06182824862681186,0.05181065772972771,1
8,3,0.48344948243045915,-0.12615651624945268,0.41947392701396,0.006594039290988054,-0.06182824862681187,0.0518106577297277,1
8,3,-0.29576872083126604,0.15112174908357678,0.591518492182648,0.00659403929085669,-0.06182824862677697,0.051810657729743366,1
8,3,0.4461867586346564,0.21943473193070528,0.8037459235450719,0.006594039290988058,-0.061828248626811855,0.051810657729727705,1
8,3,0.20485815039453525,-0.30866813091649115,0.7566333228210784,0.006594039290987999,-0.06182824862681187,0.051810657729727705,1
8,3,0.11149285977161405,0.025096642354005327,0.23929622610931633,0.006594039290988091,-0.06182824862681186,0.05181065772972769,1
8,3,0.26037273439493913,-0.2201044135526713,0.8840746395641874,0.006594039290988039,-0.06182824862681187,0.051810657729727705,1
8,3,0.45269884438688046,-0.4067325493177021,0.034796422902972246,0.006594039290988067,-0.061828248626811855,0.051810657729727705,1
8,3,0.20773508986495948,-0.2213882916908696,0.9219561463572181,0.006594039290988032,-0.06182824862681187,0.051810657729727705,1
8,3,0.040066068200471205,-0.33840034752660153,0.6194967549712072,0.006594039290988066,-0.06182824862681186,0.0518106577297277,1
8,3,-0.261549001071236,0.11837794870909368,0.6641410265276326,0.0065940392909881185,-0.06182824862681187,0.05181065772972769,1
8,3,-0.3250397965879974,0.10794021278015276,0.24442625509406124,0.006594039290987987,-0.061828248626811855,0.05181065772972771,1
8,3,0.22589661118750182,-0.2297247350110152,0.6809954320181677,0.006594039290988008,-0.06182824862681186,0.0518106577297277,1
8,3,0.4772788874490108,-0.25527952833706924,0.7972256516939862,0.006594039290988044,-0.061828248626811876,0.051810657729727705,1
8,3,0.4728405582730062,-0.20745715673129306,0.4936991672461424,0.006594039290988081,-0.061828248626811876,0.0518106577297277,1
8,3,-0.19291288578012256,0.39733051767215377,0.6541826344391519,0.006594039290988071,-0.06182824862681188,0.05181065772972769,1
8,3,-0.24068560941541617,-0.22011382283792735,0.37084089755580973,0.006594039290988058,-0.06182824862681186,0.05181065772972769,1
8,3,0.4317855283566887,0.35021965042735603,0.575121138666697,0.00659403929098804,-0.06182824862681186,0.05181065772972771,1
8,3,0.4084950186128806,-0.0158284057490794,0.29300687630441646,0.006594039290988056,-0.061828248626811855,0.05181065772972769,1
8,3,0.22860162304861897,-0.4795815447380727,0.049683719059222975,0.006594039290988061,-0.061828248626811876,0.0518106577297277,1
8,3,0.20262416336525613,-0.41238907702370664,0.33926775979838086,0.0065940392909880465,-0.061828248626811876,0.051810657729727705,1
8,3,0.46650986185902066,0.47164207566365524,0.27493739941053597,0.006594039290978974,-0.06182824862680958,0.05181065772972875,1
8,3,-0.12139015665287545,0.45568818090673036,0.854791322218841,0.006594039290988035,-0.06182824862681187,0.051810657729727705,1
8,3,-0.40207179862771225,0.4331566874958659,0.9354498384175396,0.006594039290987993,-0.061828248626811855,0.0518106577297277,1
8,3,-0.3131875649084146,-0.21266595021937018,0.499836716725901,0.0065940392909658975,-0.06182824862680595,0.05181065772973034,1
8,3,0.39505573114755577,0.4600216475121073,0.46676813895296343,0.006594039290988049,-0.06182824862681187,0.051810657729727705,1
8,3,0.005626607137149575,0.08436935673460444,0.6139794861689227,0.006594039290988009,-0.06182824862681187,0.051810657729727705,1
8,3,-0.3690261414727243,-0.28357445830626404,0.5224356761617288,0.006594039290988084,-0.061828248626811876,0.05181065772972769,1
8,3,0.42207504852677835,0.30846416940322086,0.19731082350811202,0.006594039290988061,-0.06182824862681186,0.0518106577297277,1
8,3,0.439338606065528,-0.37320939661834585,0.11960942938905239,0.006594039290988046,-0.06182824862681187,0.0518106577297277,1
8,3,-0.1012538338378226,-0.46532731110263326,0.027629322612108265,0.006594039290988041,-0.06182824862681187,0.0518106577297277,1
8,3,-0.2890248657865502,-0.31983514683352454,0.7335311466917787,0.006594039290988044,-0.06182824862681188,0.051810657729727705,1
8,3,0.43387224100988053,-0.28723634220451655,0.8767477710858114,0.006594039290988049,-0.06182824862681186,0.05181065772972769,1
8,3,-0.2213066154452863,-0.26781943002949227,0.07187099064883196,0.006594039290988035,-0.06182824862681187,0.0518106577297277,1
8,3,0.3570299591303028,0.0700015220145973,0.4749942944384524,0.006594039290988063,-0.06182824862681188,0.0518106577297277,1
8,3,0.4204551467813089,0.46897776986650563,0.5771747471701922,0.006594039290988039,-0.06182824862681186,0.051810657729727705,1
8,3,-0.45385105462816155,0.44500133581448686,0.0734777355634213,0.006594039290988068,-0.06182824862681185,0.0518106577297277,1
8,3,0.39190910783972455,0.4449709731666329,0.9805593714829708,0.006594039290988015,-0.061828248626811855,0.051810657729727705,1
8,3,0.3617105019837674,-0.219706115093101,0.07736131309872296,0.006594039290415706,-0.06182824862666892,0.051810657729792584,1
8,3,0.24137324255944126,0.03797706574712301,0.28153477325625587,0.006594039290988014,-0.061828248626811876,0.051810657729727705,1
8,3,-0.12939703264206748,-0.4760083189870905,0.02346308595751867,0.006594039290988024,-0.06182824862681187,0.051810657729727705,1
8,3,0.19767589534784302,-0.06691685396484148,0.7355512083066384,0.006594039290988067,-0.06182824862681186,0.0518106577297277,1
8,3,0.06677829433975457,0.190192170366984,0.9310141170790265,0.006594039290988077,-0.06182824862681187,0.05181065772972769,1
8,3,-0.3108693792317272,-0.20814931485176436,0.8537452681982503,0.006594039290988078,-0.061828248626811876,0.0518106577297277,1
8,3,-0.2932496507550859,0.034124487919191315,0.150987528106735,0.006594039290988114,-0.06182824862681184,0.0518106577297277,1
8,3,-0.09424949130227511,0.09013111604991164,0.25637389760442986,0.006594039290988039,-0.06182824862681186,0.05181065772972769,1
8,3,0.1748515705350151,-0.29560253911213885,0.8974611535292474,0.006594039290988081,-0.061828248626811876,0.0518106577297277,1
8,3,-0.40072312998918425,0.2575470629152108,0.323242167693788,0.00659403929098801,-0.06182824862681187,0.051810657729727705,1
8,3,0.11067878627053451,-0.10578386002993234,0.06929627667504068,0.006594039290988027,-0.061828248626811855,0.0518106577297277,1
8,3,0.1837291093322293,0.14552692937874157,0.5227706469159119,0.006594039290988011,-0.061828248626811855,0.051810657729727705,1
8,3,-0.20770261650847388,0.0573605205159502,0.048107103671780616,0.006594039290988088,-0.061828248626811876,0.05181065772972769,1
8,3,0.4230255726743015,0.10903274936006202,0.9297932776451243,0.006594039290988057,-0.06182824862681186,0.0518106577297277,1
8,3,0.17969695389921503,0.28995157970109586,0.8376950773302765,0.006594039290988097,-0.06182824862681186,0.051810657729727684,1
8,3,-0.3232495951248886,0.004537272698979189,0.49745417343822984,0.006594039290988061,-0.06182824862681187,0.05181065772972769,1
8,3,0.09359149176303672,-0.40031513246200845,0.7012821987899804,0.006594039290988002,-0.06182824862681187,0.05181065772972771,1
8,3,0.4575521925063477,-0.2217388142369181,0.18180440425423017,0.006594039290988085,-0.061828248626811855,0.0518106577297277,1
8,3,-0.20583308276890566,-0.4936602350416883,0.0576873137625975,0.006594039290988026,-0.061828248626811855,0.0518106577297277,1
8,3,0.02415803455537735,0.454898085797226,0.19102717899116795,0.006594039290988044,-0.06182824862681186,0.0518106577297277,1
8,3,-0.09428423070045455,-0.0052545833398631725,0.5600761983239566,0.0065940392909880135,-0.061828248626811876,0.051810657729727705,1
8,3,0.012774793844042343,-0.006051585803213078,0.30030359021415065,0.006594039290988024,-0.061828248626811855,0.0518106577297277,1
8,3,0.04971092665196819,0.35541040176808525,0.7075104405592094,0.0065940392909880794,-0.06182824862681185,0.05181065772972769,1
8,3,-0.02742707220611562,-0.1988875434799804,0.0846464578390691,0.00659403929098804,-0.06182824862681186,0.05181065772972771,1
8,3,-0.25018727268817975,0.4041694086003669,0.5808978347269382,0.00659403929098808,-0.06182824862681186,0.0518106577297277,1
8,3,-0.14841600361645813,0.4155521646404763,0.5429638593986514,0.006594039290988031,-0.06182824862681187,0.051810657729727705,1
8,3,0.002481669684788246,0.3260504772637185,0.09758218254219941,0.006594039290988072,-0.061828248626811855,0.05181065772972769,1
8,3,-0.4145510104599288,-0.45027562643468744,0.435286093368892,0.006594039290988075,-0.061828248626811855,0.05181065772972769,1
8,3,0.4395073250774266,-0.35298855217450065,0.24898924359408237,0.006594039290988036,-0.06182824862681186,0.051810657729727705,1
8,3,-0.24158993699406195,-0.2218879923758259,0.48000507997339525,0.006594039290988044,-0.06182824862681186,0.05181065772972769,1
8,3,-0.422003158942035,0.04770670021245316,0.2310072005992998,0.006594039290988032,-0.061828248626811876,0.051810657729727705,1
8,3,-0.3260449646726147,0.23566325404924338,0.420098597694045,0.006594039290988107,-0.06182824862681186,0.05181065772972769,1
8,3,-0.48139866045351076,-0.09406876583636281,0.5554532378622865,0.006594039290988044,-0.06182824862681187,0.05181065772972771,1
8,3,-0.4411667836992992,0.1649694152075898,0.42831976430551455,0.006594039290987677,-0.061828248626811785,0.05181065772972773,1
8,3,-0.20622486740544055,0.443698055783214,0.5210508378709826,0.006594039290988031,-0.061828248626811855,0.05181065772972771,1
8,3,-0.041227001331956004,-0.21360376093310607,0.7800562892614673,0.006594039290988024,-0.06182824862681186,0.05181065772972771,1
8,3,0.29267559178884905,0.23359358928041085,0.7877269069692086,0.006594039290988035,-0.06182824862681186,0.051810657729727705,1
8,3,-0.26795389555650106,-0.0715643062839253,0.5248062913331331,0.0065940392909881115,-0.061828248626811876,0.0518106577297277,1
8,3,-0.08449143490859412,0.3480653457829599,0.5294957195137018,0.006594039290988053,-0.06182824862681186,0.0518106577297277,1
8,3,0.43322807055035994,-0.21521039901647487,0.24048991857462299,0.006594039290988078,-0.06182824862681186,0.051810657729727705,1
8,3,0.4355367109378401,0.37934445703493114,0.3569816921592168,0.006594039290988101,-0.06182824862681185,0.05181065772972769,1
8,3,0.025659106415521604,-0.2753049191445358,0.45302706877990695,0.0065940392909880985,-0.061828248626811876,0.0518106577297277,1
8,3,-0.02267105435642347,0.3538599011039485,0.16639091662166594,0.00659403929098805,-0.06182824862681185,0.0518106577297277,1
8,3,-0.35620120175927195,-0.0423145575038526,0.5667807778464031,0.0065940392909880335,-0.06182824862681185,0.05181065772972769,1
8,3,0.2080479060052085,0.27655328791241507,0.10556453187673664,0.00659403929098805,-0.06182824862681186,0.051810657729727705,1
8,3,0.4751593645760257,-0.16006698635739247,0.3299808746612378,0.006594039290988052,-0.06182824862681185,0.0518106577297277,1
8,3,0.20131867529968783,0.3027115782424077,0.972809585940893,0.006594039290987996,-0.061828248626811855,0.051810657729727705,1
8,3,0.06477388314483634,0.15576073528530698,0.037267639602692526,0.006594039290988109,-0.061828248626811855,0.05181065772972769,1
8,3,0.3038565297531439,0.400480451431795,0.3236757509384889,0.006594039290988075,-0.06182824862681187,0.0518106577297277,1
8,3,0.1795518769678528,0.4057250673877093,0.4141620502863739,0.006594039290988101,-0.06182824862681186,0.0518106577297277,1
8,3,0.44772827893693856,0.24642681396250832,0.27393984639549385,0.006594039290988031,-0.06182824862681187,0.051810657729727705,1
8,3,0.26500099017444545,0.4951034740605429,0.38012483811340014,0.006594039291002589,-0.0618282486268157,0.05181065772972597,1
8,3,-0.33232292300509503,-0.4765429011179494,0.1769250934287756,0.006594039290988038,-0.06182824862681187,0.051810657729727705,1
8,3,-0.38445876386605615,0.026806607369502355,0.2175879541696255,0.006594039290988037,-0.06182824862681187,0.05181065772972771,1
8,3,-0.4264012936385322,-0.29337568174382,0.8659090460021086,0.006594039290981598,-0.06182824862681018,0.051810657729728454,1
8,3,0.19015069722056355,-0.008813638447106698,0.30232253531294884,0.0065940392909880925,-0.06182824862681185,0.05181065772972769,1
8,3,0.4985530035282715,0.22511786000383815,0.42338586389790045,0.006594039290988007,-0.061828248626811876,0.05181065772972771,1
8,3,-0.2233134854853187,0.2308577563819212,0.04650344019368857,0.006594039290988026,-0.06182824862681185,0.05181065772972769,1
8,3,0.07589442870001983,0.29894257143885583,0.05992672503917551,0.006594039290988021,-0.061828248626811876,0.051810657729727705,1
8,3,0.23086910321773058,-0.2535414032426384,0.5984191142435547,0.006594039290988062,-0.06182824862681187,0.051810657729727705,1
8,3,0.23058158585267075,0.025129819170793155,0.14269342282984954,0.0065940392909880335,-0.06182824862681186,0.051810657729727705,1
8,3,0.14742890616063664,0.4776744091277283,0.2354592040323933,0.006594039290988054,-0.061828248626811855,0.05181065772972769,1
8,3,-0.30613616496301455,-0.12927076797561576,0.7976717584742057,0.0065940392909880794,-0.06182824862681186,0.0518106577297277,1
8,3,-0.23368602991034604,-0.19638197252804224,0.5974162383579849,0.006594039290988055,-0.061828248626811855,0.0518106577297277,1
8,3,-0.19449496905164265,-0.04464088031353053,0.3270699394032006,0.006594039290988016,-0.06182824862681187,0.051810657729727705,1
8,3,-0.010734491969644822,-0.4308817175144153,0.20746985113975858,0.006594039291040663,-0.061828248626825844,0.05181065772972144,1
8,3,0.4439062657305295,-0.49438266340196924,0.3375793424317095,0.006594039290988066,-0.06182824862681186,0.0518106577297277,1
8,3,0.04990049106545236,-0.19430192142608904,0.12407925115004725,0.006594039290988053,-0.061828248626811855,0.051810657729727705,1
8,3,0.46593827613237004,-0.4598979938518517,0.43872929329316723,0.006594039290988043,-0.06182824862681187,0.051810657729727705,1
8,3,0.15014777568048143,-0.3558784000485773,0.32294272432029714,0.006594039290988007,-0.061828248626811876,0.05181065772972771,1
8,3,0.23775721908688152,0.04929014368578777,0.9148002905022325,0.006594039290988009,-0.06182824862681186,0.0518106577297277,1
8,3,-0.32574748587415314,-0.3054376699989849,0.9056397848795037,0.006594039290988001,-0.06182824862681185,0.0518106577297277,1
8,3,0.40791335894859526,-0.144961106957344,0.12131589295291612,0.006594039290988079,-0.06182824862681185,0.0518106577297277,1
8,3,0.2100698977782447,0.22685256324935166,0.8140730960648537,0.00659403929098806,-0.06182824862681186,0.0518106577297277,1
8,3,0.4712997256090701,0.16765827572532022,0.9933419410532363,0.0065940392909880465,-0.061828248626811855,0.0518106577297277,1
8,3,0.16767055569894462,0.2536969853098152,0.6008544781580398,0.006594039290988003,-0.06182824862681187,0.05181065772972771,1
8,3,-0.37998630071641126,-0.3525387893847163,0.034768310599434527,0.006594039290988046,-0.06182824862681187,0.051810657729727705,1
8,3,-0.07288923796338187,-0.37250652799260897,0.9826919823672782,0.006594039290911523,-0.061828248626792516,0.051810657729736455,1
8,3,-0.4401087938528707,0.3391474428576722,0.1119019472167142,0.006594039290988059,-0.061828248626811855,0.05181065772972769,1
8,3,0.24922149797689364,-0.27168998273463885,0.30103170402403734,0.00659403929098807,-0.06182824862681186,0.051810657729727684,1
8,3,0.09086460191949897,0.4305390230860573,0.5670035830540319,0.006594039290988069,-0.06182824862681187,0.05181065772972769,1
8,3,-0.03927343371051695,-0.477036907312151,0.6768376099640259,0.006594039290988096,-0.061828248626811855,0.051810657729727684,1
8,3,-0.31812011284259634,0.2597874325568099,0.26904899830162,0.00659403929098806,-0.061828248626811876,0.0518106577297277,1
8,3,0.23791944925503317,0.2801066586209804,0.3779722171406603,0.006594039290988024,-0.06182824862681186,0.0518106577297277,1
8,3,0.14957616287727493,-0.3041972643791808,0.21384372982823474,0.006594039290988045,-0.061828248626811855,0.051810657729727705,1
8,3,-0.3306939164948868,0.043868419262176994,0.7148565169804022,0.006594039290947251,-0.06182824862680102,0.05181065772973256,1
8,3,-0.45910140995087123,0.40982856355935016,0.7016814833656431,0.0065940392909880265,-0.06182824862681186,0.0518106577297277,1
8,3,0.025027682478988345,-0.09498297105942721,0.5626860188617726,0.006594039290988049,-0.061828248626811876,0.05181065772972769,1
8,3,0.38588275474968325,0.4344691283148907,0.07592185740913715,0.006594039290988034,-0.06182824862681186,0.05181065772972769,1
8,3,0.3899839868283188,-0.17762083289242958,0.6608915994804614,0.006594039290988047,-0.06182824862681186,0.0518106577297277,1
8,3,-0.06678432543430368,0.3849836900693453,0.907358237872927,0.006594039290988028,-0.06182824862681187,0.051810657729727705,1
8,3,0.48255304867648796,-0.4343732714098829,0.26627003018615425,0.006594039290988045,-0.06182824862681186,0.05181065772972769,1
8,3,0.4365086250982817,-0.259672390107319,0.4731041514844012,0.0065940392909880205,-0.061828248626811855,0.0518106577297277,1
8,3,0.03645592786042351,0.06941207222704326,0.6533380270134175,0.006594039290988055,-0.061828248626811876,0.051810657729727705,1
8,3,0.34635655493673956,0.2173188196360425,0.9478379360223368,0.006594039290988079,-0.061828248626811855,0.0518106577297277,1
8,3,0.0644017187342083,-0.35598770220726417,0.6670008760972037,0.0065940392909880794,-0.061828248626811855,0.0518106577297277,1
8,3,-0.3937495194446392,-0.3937006408704944,0.8978957670419208,0.006594039290988026,-0.06182824862681186,0.0518106577297277,1
8,3,-0.08936923234521243,-0.4957413032069644,0.5609943533553627,0.0065940392909880265,-0.061828248626811855,0.051810657729727705,1
8,3,-0.4787348505312261,-0.3104382962296093,0.5584277834905726,0.006594039290949769,-0.061828248626802154,0.0518106577297321,1
8,3,-0.045322451523474916,0.4914154684619263,0.9234138457540251,0.006594039290988006,-0.06182824862681184,0.0518106577297277,1
8,3,0.48823632922038684,-0.053383965280942025,0.7571711868222384,0.006594039290988087,-0.061828248626811855,0.051810657729727705,1
8,3,-0.07653673870816036,-0.3448419699675347,0.8297981990156729,0.006594039290988067,-0.06182824862681187,0.0518106577297277,1
8,3,-0.2771550547804036,0.2741521452309974,0.7514131609943258,0.0065940392909880075,-0.06182824862681187,0.05181065772972769,1
8,3,-0.2903314829766577,-0.010490012210518707,0.7650136674740171,0.006594039290988047,-0.061828248626811876,0.05181065772972771,1
8,3,0.11090821867945211,0.27276606976962037,0.7580392797123041,0.006594039290988021,-0.06182824862681186,0.051810657729727705,1
8,3,0.10425557275579678,0.18094404782474038,0.8327782048023824,0.006594039290988065,-0.061828248626811855,0.0518106577297277,1
8,3,0.08024692626156349,0.11829688528359616,0.39917127170483147,0.006594039290988058,-0.06182824862681187,0.0518106577297277,1
8,3,-0.45449123328195085,0.058491271203759077,0.2889975712654782,0.0065940392909880725,-0.06182824862681186,0.0518106577297277,1
8,3,0.34803895715920485,0.4759507240093137,0.058483928245980144,0.006594039290988039,-0.06182824862681187,0.051810657729727705,1
8,3,-0.251755436146196,0.3884984715271802,0.370791886744235,0.006594039290988071,-0.061828248626811855,0.0518106577297277,1
8,3,-0.30769955564715956,-0.04512050762905795,0.36607062943289326,0.006594039290988031,-0.06182824862681186,0.0518106577297277,1
8,3,0.04207036982481993,0.016870079105395508,0.4521224995546578,0.006594039290988059,-0.06182824862681186,0.051810657729727705,1
8,3,0.26483970684063274,0.30426594926667105,0.5650380408919962,0.006594039290988048,-0.06182824862681187,0.051810657729727705,1
8,3,0.2925680247392668,-0.17754372220752024,0.5551413375760277,0.006594039290988009,-0.06182824862681187,0.051810657729727705,1
8,3,-0.08822642630381594,0.1404779105276066,0.8610309970581924,0.006594039290988038,-0.06182824862681186,0.05181065772972769,1
8,3,-0.4959454402591785,-0.13822531877966893,0.24039347383358733,0.0065940392909880855,-0.06182824862681187,0.0518106577297277,1
8,3,-0.36030328058014827,-0.29141126807214013,0.3769693983647593,0.006594039290988068,-0.061828248626811876,0.0518106577297277,1
8,3,-0.1858372749891659,-0.03852769689499369,0.7637829213468694,0.00659403929098806,-0.06182824862681186,0.05181065772972769,1
8,3,-0.3468713708386053,-0.3201073448486045,0.6392513671569626,0.006594039290988055,-0.061828248626811855,0.0518106577297277,1
8,3,0.4419496725941523,0.1268100034367423,0.8108094479361452,0.006594039290988064,-0.06182824862681186,0.0518106577297277,1
8,3,0.43405138598321247,-0.19594996945543075,0.9839987267496189,0.006594039291030942,-0.061828248626823255,0.051810657729722584,1
8,3,0.3044252685218103,-0.09420429662929597,0.4161368437590445,0.006594039290988063,-0.061828248626811855,0.0518106577297277,1
8,3,-0.1710715602840056,-0.2447798841734008,0.06698834311740298,0.006594039290988045,-0.06182824862681186,0.051810657729727684,1
8,3,0.2703606269767165,-0.23318829533165086,0.04840679004089177,0.006594039290988038,-0.06182824862681186,0.0518106577297277,1
8,3,0.07608729097487865,0.25103331512314586,0.8789973810162028,0.006594039290988081,-0.061828248626811855,0.0518106577297277,1
8,3,-0.20530034276962095,0.31664527289383626,0.09312760343646231,0.006594039290988047,-0.06182824862681186,0.0518106577297277,1
8,3,-0.33565582807485317,-0.3411474748325618,0.8010513687307659,0.006594039290988025,-0.06182824862681185,0.05181065772972769,1
8,3,0.14631984451975466,-0.41891887487076973,0.27717191808229846,0.006594039290988035,-0.061828248626811876,0.051810657729727705,1
8,3,0.164135399087735,0.28240829533010126,0.4603653166983319,0.0065940392909881,-0.06182824862681186,0.05181065772972769,1
8,3,0.20512043146168457,0.24382172465462149,0.9626030054571142,0.006594039290988033,-0.06182824862681186,0.0518106577297277,1
8,3,-0.43613818386977665,0.04802316564219056,0.3151608806966686,0.006594039290988067,-0.06182824862681185,0.051810657729727684,1
8,3,-0.08358652581072046,0.05584193604937715,0.9097216099703858,0.006594039290988075,-0.06182824862681187,0.051810657729727705,1
8,3,-0.30778199533066886,0.4016435181049762,0.22519480650724955,0.006594039290988052,-0.06182824862681185,0.051810657729727705,1
8,3,-0.2851972913802092,-0.39629294727193654,0.9804284062377238,0.0065940392909880205,-0.061828248626811876,0.051810657729727705,1
8,3,-0.1712530235713079,-0.2732159609125706,0.014555817478275168,0.0065940392909880526,-0.06182824862681187,0.0518106577297277,1
8,3,0.39576069260212865,0.3283986969054207,0.3342045968416112,0.006594039290988028,-0.06182824862681185,0.0518106577297277,1
8,3,-0.007647769284847783,-0.4110327219474812,0.23414704687656385,0.006594039290988111,-0.061828248626811876,0.0518106577297277,1
8,3,-0.45170790145439343,-0.3987783647322072,0.1352418796865711,0.006594039290988027,-0.06182824862681186,0.051810657729727705,1
8,3,0.14056064395877943,0.2940144681849084,0.3994403774651125,0.006594039290988178,-0.061828248626811924,0.05181065772972768,1
8,3,0.12856341344584776,-0.48360665177310524,0.685389083374315,0.0065940392909880205,-0.06182824862681187,0.051810657729727705,1
8,3,-0.44482323005626045,0.0046717434423080295,0.40286278102355433,0.006594039290988017,-0.06182824862681187,0.051810657729727705,1
8,3,-0.21872903271383426,-0.13572451766722105,0.9753781174211495,0.0065940392909880925,-0.061828248626811876,0.0518106577297277,1
8,3,0.1976254018354675,0.18761783209512073,0.851238029310478,0.006594039290988078,-0.061828248626811876,0.0518106577297277,1
8,3,-0.07091625764943132,-0.2963935073521311,0.4019259041507246,0.006594039290988032,-0.06182824862681187,0.051810657729727705,1
8,3,-0.19001854275258934,-0.07923704863028092,0.1390449516400587,0.00659403929098802,-0.06182824862681187,0.05181065772972771,1
8,3,-0.4439309945053367,0.43314017996585563,0.15569397534877227,0.006594039290988002,-0.06182824862681185,0.05181065772972771,1
8,3,-0.0017194994092539773,-0.07861025423464896,0.8978874503710144,0.006594039290988085,-0.06182824862681188,0.05181065772972769,1
8,3,0.26474806757304337,0.0899531953517847,0.014080355957068136,0.006594039290988035,-0.06182824862681187,0.051810657729727705,1
8,3,0.24585269236815388,-0.32094251259776696,0.9861206814878025,0.006594039290988063,-0.06182824862681186,0.05181065772972769,1
8,3,-0.034066066309615506,-0.23648499646820453,0.40770873615811976,0.006594039290988035,-0.06182824862681187,0.051810657729727705,1
8,3,-0.06699356475087992,-0.0478290388925271,0.35447452840620697,0.0065940392909880205,-0.06182824862681187,0.051810657729727705,1
8,3,-0.4740839349227546,-0.02641559362216772,0.22869009846072097,0.006594039290988011,-0.06182824862681185,0.0518106577297277,1
8,3,0.49221183774240074,0.09256953742635554,0.9064312250535622,0.0065940392909880526,-0.06182824862681186,0.051810657729727705,1
8,3,-0.22769803793284882,0.4807431696892126,0.9105936986047924,0.006594039290988058,-0.06182824862681187,0.05181065772972769,1
8,3,0.2539595671893906,-0.1293214077938456,0.0318032914549371,0.006594039290988003,-0.06182824862681186,0.05181065772972771,1
8,3,0.4359299349994761,0.3179076226999493,0.9533865973453077,0.006594039290988006,-0.061828248626811876,0.051810657729727705,1
8,3,0.24112648788376378,0.1359452233673515,0.9121675885352405,0.006594039290988063,-0.06182824862681186,0.05181065772972769,1
8,3,-0.4941478375917696,-0.14883318522256506,0.6965236129042027,0.006594039290988016,-0.06182824862681187,0.05181065772972771,1
8,3,-0.06833380630744967,0.09889883407578659,0.8728166500794277,0.006594039290988114,-0.061828248626811855,0.0518106577297277,1
8,3,0.24330369082104375,0.0635480235955117,0.13679845552217795,0.006594039290988094,-0.06182824862681187,0.05181065772972769,1
8,3,0.13254658300405597,0.3056029256855817,0.3963939354539987,0.006594039290988036,-0.06182824862681187,0.05181065772972771,1
8,3,0.06766131637131267,0.18558253078376197,0.5452638722427088,0.006594039290988031,-0.061828248626811855,0.0518106577297277,1
8,3,0.19199369075948924,0.027684299589026518,0.9658539283658367,0.006594039290988015,-0.06182824862681187,0.0518106577297277,1
8,3,0.4743479122017278,0.2671414432635937,0.4010361696012297,0.0065940392909679315,-0.06182824862680673,0.051810657729730036,1
8,3,-0.3503814116228492,0.10514865273643115,0.09688370887402309,0.006594039290988051,-0.06182824862681186,0.0518106577297277,1
8,3,0.023929029150534298,-0.3756513087883666,0.8964021484028806,0.00659403929101463,-0.061828248626818925,0.05181065772972453,1
8,3,0.27477844824205166,-0.31389726882147007,0.5427545595455285,0.006594039290988056,-0.06182824862681186,0.051810657729727705,1
8,3,-0.22356800507442465,0.26986449366674825,0.6684012503518812,0.006594039290988021,-0.06182824862681187,0.051810657729727705,1
8,3,-0.19919068753393798,0.06137465504424844,0.5855027082041622,0.006594039290988059,-0.061828248626811876,0.051810657729727705,1
8,3,0.392995096520796,0.17546493328829071,0.08842109814585597,0.006594039290988018,-0.061828248626811855,0.051810657729727705,1
8,3,-0.3030083058916049,-0.32670294317712356,0.9046823359340364,0.006594039290988058,-0.06182824862681187,0.051810657729727705,1
8,3,-0.1761712004439353,0.2876759295927027,0.6166445688544964,0.006594039290988066,-0.061828248626811876,0.051810657729727705,1
8,3,-0.47465686619915926,0.04769701043948671,0.09693961570572851,0.006594039290988055,-0.061828248626811855,0.051810657729727705,1
8,3,0.34425871538717034,-0.3662838570260498,0.90907728017837,0.00659403929098806,-0.06182824862681186,0.0518106577297277,1
8,3,0.3002382176616456,0.10497297375855563,0.004783687959369676,0.0065940392909880794,-0.061828248626811855,0.05181065772972769,1
8,3,0.2900146325871167,0.02514204003789411,0.4281164418328103,0.006594039290988108,-0.061828248626811876,0.0518106577297277,1
8,3,-0.1546739557673078,0.06660505788261228,0.7245484365299373,0.006594039290988062,-0.061828248626811855,0.0518106577297277,1
8,3,-0.06508017209845218,-0.08377481127732156,0.2773872971039446,0.0065940392909880925,-0.06182824862681184,0.0518106577297277,1
8,3,-0.42074045438166774,-0.26068323462310405,0.8891503585837615,0.0065940392909883076,-0.0618282486268119,0.05181065772972768,1
8,3,-0.1806368396609319,-0.0226185738201512,0.8944666144659983,0.00659403929098803,-0.061828248626811855,0.0518106577297277,1
8,3,-0.39898007910221733,-0.48708676868457945,0.11341127427987385,0.006594039290988064,-0.06182824862681185,0.051810657729727705,1
8,3,0.0769722457206179,-0.20733307696133907,0.0825637716800307,0.006594039290988026,-0.06182824862681187,0.051810657729727705,1
8,3,0.48772080429910347,0.3711480714110005,0.9135744272147288,0.006594039290988007,-0.061828248626811876,0.05181065772972771,1
8,3,-0.06318100908193025,0.3069272792407276,0.7196391129178044,0.006594039290988024,-0.06182824862681186,0.05181065772972769,1
8,3,0.4948506103190926,-0.48395479528270346,0.2896586715904701,0.006594039290988052,-0.06182824862681187,0.0518106577297277,1
8,3,-0.1676456156264845,-0.07920609219150943,0.6328477976967375,0.006594039290988063,-0.06182824862681186,0.051810657729727705,1
8,3,-0.39058205672939006,-0.22383332767198505,0.6714444213889967,0.006594039290988021,-0.06182824862681187,0.05181065772972771,1
8,3,-0.03971882992553444,-0.10651826224552541,0.5250428385750538,0.006594039290988055,-0.06182824862681185,0.05181065772972769,1
8,3,-0.04298018840807161,-0.2038510654972816,0.3516255995958333,0.006594039290988034,-0.061828248626811876,0.051810657729727705,1
8,3,-0.23482034953060227,0.394962378349232,0.28171144878154974,0.006594039290988049,-0.061828248626811855,0.05181065772972769,1
8,3,0.46180033989480074,0.006703606752055613,0.2505203464640464,0.006594039290988094,-0.06182824862681186,0.0518106577297277,1
8,3,0.1330660485424584,0.22528694287885287,0.07292922193946128,0.006594039290987998,-0.06182824862681186,0.05181065772972771,1
8,3,-0.20419574070734958,-0.482196517021807,0.10453754280796468,0.006594039290988084,-0.061828248626811855,0.0518106577297277,1
8,3,0.36289589475927775,-0.3766775086734262,0.06315862758014079,0.006594039290988017,-0.06182824862681185,0.051810657729727705,1
8,3,0.11560944653174698,-0.34025115385027993,0.2259485580219074,0.006594039290988082,-0.06182824862681186,0.05181065772972769,1
8,3,0.38528837638156066,0.29301352675486614,0.7567506308762169,0.0065940392909880395,-0.06182824862681185,0.051810657729727705,1
8,3,0.33442255208649496,-0.09102723791429201,0.4944589736353975,0.006594039290988075,-0.061828248626811855,0.05181065772972769,1
8,3,0.23680553036576524,-0.3331453861215765,0.7883936373301099,0.006594039290988009,-0.06182824862681186,0.0518106577297277,1
8,3,0.049295626167600304,0.25490759068220825,0.0872830269867686,0.006594039290988103,-0.061828248626811855,0.05181065772972769,1
8,3,-0.04138106418120002,-0.03917558353131079,0.29464090006122645,0.006594039290987992,-0.06182824862681186,0.05181065772972771,1
8,3,-0.045725409692530805,0.060323267140142134,0.9281515404014122,0.006594039290988017,-0.06182824862681186,0.0518106577297277,1
8,3,0.07946071019431633,0.17251015051671525,0.019212111680485533,0.006594039290988038,-0.06182824862681186,0.0518106577297277,1
8,3,-0.04063205956137761,0.19399357334248846,0.7700563586912761,0.006594039290988081,-0.061828248626811855,0.05181065772972769,1
8,3,0.20213895918509195,-0.4784885226714328,0.8359417999376098,0.006594039290988072,-0.06182824862681186,0.0518106577297277,1
8,3,-0.07388282830717907,-0.4464339268192852,0.0919220839846997,0.006594039290988063,-0.06182824862681185,0.05181065772972769,1
8,3,0.01130887833105687,0.14602879391342416,0.2729469243483795,0.00659403929098795,-0.06182824862681185,0.05181065772972771,1
8,3,0.4675636565877581,-0.3306332564160863,0.6285578217776009,0.006594039290988038,-0.06182824862681186,0.0518106577297277,1
8,3,0.45267216623830175,0.07753110001172647,0.8307326703714006,0.00659403929098805,-0.06182824862681186,0.05181065772972769,1
8,3,0.16494041305277407,-0.3033733603159572,0.26008489200809626,0.006594039290988039,-0.06182824862681186,0.051810657729727705,1
8,3,-0.344546131321388,0.3133827450264808,0.4863210786915819,0.00659403929098804,-0.061828248626811855,0.0518106577297277,1
8,3,-0.011735865601537832,-0.07513817091097019,0.9322947546604476,0.006594039290988048,-0.06182824862681186,0.05181065772972769,1
8,3,-0.14323693778590507,0.48309743928263416,0.04062995698067429,0.006594039290988077,-0.06182824862681186,0.051810657729727705,1
8,3,-0.1826470757291272,0.46086105995564397,0.11364221111635975,0.006594039290988068,-0.06182824862681186,0.05181065772972769,1
8,3,-0.15281893832306803,-0.16790189117507692,0.1758987733671602,0.00659403929098803,-0.06182824862681186,0.0518106577297277,1
8,3,0.23255227973079884,-0.32479902273522376,0.30082404384388384,0.0065940392909880005,-0.061828248626811876,0.051810657729727705,1
8,3,0.12092692509167646,0.46680662547648266,0.258142138646942,0.006594039290988064,-0.06182824862681187,0.051810657729727705,1
8,3,-0.08591685897929868,0.06382005915698663,0.2928060027460315,0.006594039290988006,-0.061828248626811876,0.051810657729727705,1
8,3,0.11343116179134438,0.2868965953004061,0.2236890607682671,0.006594039290988034,-0.061828248626811855,0.0518106577297277,1
8,3,0.21070788783780503,0.4130298523457896,0.08423062598804898,0.00659403929098805,-0.06182824862681186,0.0518106577297277,1
8,3,-0.37839292868203533,0.20124710566334159,0.427850962156028,0.006594039290988058,-0.06182824862681187,0.051810657729727705,1
8,3,0.10881334629780959,-0.1104220593834111,0.6103373131883467,0.006594039290987998,-0.061828248626811876,0.051810657729727705,1
8,3,-0.23198880717046944,-0.03886300154538591,0.1133974235484787,0.0065940392909879944,-0.061828248626811876,0.05181065772972771,1
8,3,-0.4835982497392728,0.32017100648251606,0.9889837195673126,0.006594039290988038,-0.06182824862681186,0.0518106577297277,1
8,3,-0.48808711711135544,0.42945479083835525,0.08428278156300917,0.006594039290988032,-0.061828248626811876,0.051810657729727705,1
8,3,0.09077492488559558,-0.039058769184449726,0.8715507117369918,0.006594039290988064,-0.061828248626811855,0.0518106577297277,1
8,3,-0.1961857283784032,-0.3810280190495916,0.6853309379797337,0.006594039290988041,-0.06182824862681186,0.051810657729727705,1
8,3,0.17110209742578308,0.12765007357953428,0.4526175012210394,0.0065940392909880595,-0.06182824862681186,0.0518106577297277,1
8,3,-0.3125346536040887,-0.17270558393575852,0.7060402997646995,0.006594039290988032,-0.061828248626811855,0.05181065772972771,1
8,3,0.1554196226052289,-0.4764097581542397,0.4890249810049667,0.006594039290988105,-0.06182824862681185,0.0518106577297277,1
8,3,-0.09420955853776425,-0.292156724151869,0.08782630934357183,0.006594039290988039,-0.06182824862681186,0.0518106577297277,1
8,3,0.09700945060153998,0.3115562406381742,0.40284642379687896,0.006594039290988016,-0.06182824862681187,0.051810657729727705,1
8,3,0.18421158081858025,-0.334468501963469,0.20643498957212292,0.006594039290988029,-0.06182824862681187,0.0518106577297277,1
8,3,0.21139081720148023,0.1094607192110717,0.1846566880396523,0.006594039290988065,-0.061828248626811855,0.051810657729727705,1
8,3,-0.034448627211960625,0.33126326051008137,0.9328216823196405,0.006594039290988011,-0.06182824862681188,0.0518106577297277,1
8,3,0.08222740784136495,0.283559277831021,0.23653835133265333,0.006594039291290141,-0.061828248626887655,0.05181065772969334,1
8,3,0.13272077219583234,0.19407915488624328,0.8618957682372719,0.006594039290988027,-0.06182824862681187,0.0518106577297277,1
8,3,0.0974271502339159,-0.13227872750880465,0.22513133586557865,0.006594039290988063,-0.061828248626811855,0.0518106577297277,1
8,3,0.08868018196767924,0.07196638540298994,0.8448109110053406,0.006594039290988068,-0.061828248626811876,0.0518106577297277,1
8,3,0.40833734222364004,0.16884966005964475,0.2456923697283786,0.006594039290988061,-0.06182824862681186,0.0518106577297277,1
8,3,-0.24651499339646832,-0.49391429429641165,0.2712345307143902,0.00659403929098803,-0.06182824862681186,0.0518106577297277,1
8,3,-0.2130821845572688,0.43059539047787676,0.7088435475227639,0.0065940392909880656,-0.06182824862681187,0.05181065772972769,1
8,3,0.08685177139404554,0.48565894256096964,0.0857547771640188,0.006594039290988045,-0.06182824862681186,0.0518106577297277,1
8,3,0.3316478755730936,0.3013554747640057,0.9634764524968724,0.0065940392909880335,-0.06182824862681187,0.051810657729727705,1
8,3,-0.3687290021326799,0.06457168953896453,0.8063597933395703,0.006594039290987992,-0.06182824862681187,0.051810657729727705,1
8,3,-0.2884017818791278,-0.1617758958910971,0.953583816318408,0.006594039290988063,-0.06182824862681187,0.0518106577297277,1
8,3,-0.40026800732236856,-0.1097405281353101,0.9910064168032691,0.006594039290988041,-0.06182824862681186,0.051810657729727705,1
8,3,0.3148184288748841,-0.1412753089826484,0.3466062900917499,0.006594039290988024,-0.061828248626811855,0.05181065772972771,1
8,3,-0.40698711467329374,0.2052594703609214,0.9007451883690618,0.0065940392909880595,-0.06182824862681186,0.0518106577297277,1
8,3,-0.4315095105750306,-0.3227078146246305,0.02041062413514716,0.006594039290988014,-0.061828248626811855,0.05181065772972771,1
8,3,-0.29678106072172006,0.3228649995791133,0.8096143443625521,0.006594039290988093,-0.06182824862681188,0.051810657729727705,1
8,3,0.18551697824695634,-0.311154659970746,0.22686961010148576,0.006594039290988039,-0.061828248626811855,0.051810657729727705,1
8,3,-0.052681652804066115,0.26085514748008043,0.3511488834036274,0.006594039290988035,-0.06182824862681186,0.0518106577297277,1
8,3,-0.3530828021982626,-0.4426186838803716,0.8054760817154896,0.006594039290988034,-0.06182824862681186,0.051810657729727705,1
8,3,-0.34289467686769703,0.27983411374451794,0.632114302702796,0.006594039290988055,-0.06182824862681186,0.0518106577297277,1
8,3,-0.20238480560800065,0.24394118774759632,0.6221501264810683,0.00659403929098806,-0.06182824862681187,0.0518106577297277,1
8,3,-0.12337756208556239,-0.25041446014676794,0.01523210911076145,0.006594039290988059,-0.061828248626811855,0.0518106577297277,1
8,3,0.48825713127524173,0.36827627551348074,0.4857720221226669,0.0065940392909880265,-0.06182824862681186,0.05181065772972769,1
8,3,-0.35892234099257725,0.08969779013665247,0.8292342607062786,0.006594039290988,-0.06182824862681186,0.05181065772972771,1
8,3,0.3078582677174653,-0.2061493345884915,0.4782361960763095,0.0065940392909880395,-0.06182824862681187,0.0518106577297277,1
8,3,0.32026949831470053,-0.4110054844409794,0.16776793763787645,0.006594039290988055,-0.06182824862681186,0.05181065772972769,1
8,3,-0.18003299276513585,-0.3054662741015457,0.39599061817971903,0.006594039290988112,-0.061828248626811876,0.05181065772972769,1
8,3,0.21364608212574532,0.06656100824422251,0.04003275912600368,0.00659403929098802,-0.06182824862681187,0.051810657729727705,1
8,3,0.21681860155445976,-0.2775323021878906,0.4083727331041598,0.006594039290997276,-0.06182824862681423,0.05181065772972665,1
8,3,0.2489606825406443,0.19739915385221884,0.4654678419684193,0.006594039290988009,-0.06182824862681187,0.0518106577297277,1
8,3,-0.4902643974020666,-0.2794468307905522,0.8995674836477481,0.006594039290988035,-0.06182824862681186,0.051810657729727705,1
8,3,-0.35720894932734315,-0.48195105011366945,0.27308549595125386,0.0065940392909880335,-0.06182824862681187,0.051810657729727705,1
8,3,0.3166092664131255,-0.45371303158862064,0.2643630079744421,0.006594039290987979,-0.06182824862681185,0.05181065772972771,1
8,3,-0.3455060426179253,-0.2577822031441137,0.9234584960070231,0.006594039290987992,-0.061828248626811876,0.05181065772972772,1
8,3,-0.3739968890499421,-0.43169419339724757,0.6183212801662374,0.006594039290988036,-0.06182824862681185,0.0518106577297277,1
8,3,-0.41262622762057966,-0.48107210751813545,0.7054648453510748,0.006594039290988011,-0.06182824862681187,0.0518106577297277,1
8,3,-0.1663322130891789,-0.005276231461697867,0.7680677762956638,0.00659403929098809,-0.061828248626811855,0.05181065772972769,1
8,3,0.39498748569470865,0.38443649410488234,0.1674063904364047,0.006594039290988055,-0.06182824862681186,0.05181065772972769,1
8,3,-0.1324588133768434,0.06960550145727362,0.8657232038073079,0.00659403929098807,-0.06182824862681186,0.051810657729727705,1
8,3,0.23183261883173545,-0.23784534826016857,0.43631006171846876,0.006594039291198944,-0.06182824862686483,0.051810657729703676,1
8,3,-0.04620319473343404,0.03664204497165979,0.7616692303228043,0.006594039290930795,-0.061828248626796645,0.051810657729734526,1
8,3,-0.16901178660297056,-0.1819989144821612,0.6872557864714093,0.006594039290988024,-0.06182824862681187,0.0518106577297277,1
8,3,0.371874211382899,0.39219994757382404,0.6435684879552339,0.006594039290988055,-0.06182824862681185,0.0518106577297277,1
8,3,-0.0987919437946887,-0.38277887728658233,0.44664969807174826,0.006594039290988018,-0.06182824862681187,0.0518106577297277,1
8,3,-0.4241790592541388,-0.38221965861219465,0.5245227044538783,0.006594039290988037,-0.06182824862681187,0.051810657729727705,1
8,3,0.4720085020482281,0.2693215550179573,0.2211330192234513,0.006594039290988039,-0.06182824862681186,0.05181065772972771,1
8,3,-0.18413907396624452,-0.4299231158483152,0.6497504535574703,0.006594039290988101,-0.061828248626811855,0.051810657729727705,1
8,3,0.45612090465841026,0.22478508599862157,0.9357276669811825,0.006594039290988006,-0.06182824862681187,0.05181065772972771,1
8,3,-0.3022693670868588,0.3950974708938024,0.8912172779662355,0.006594039290988026,-0.06182824862681186,0.0518106577297277,1
8,3,0.40263566548049967,-0.016319469561561162,0.04679567088058745,0.006594039290987967,-0.06182824862681186,0.0518106577297277,1
8,3,-0.10110559985454914,0.1101864480375001,0.9894080360552153,0.0065940392909880526,-0.061828248626811876,0.05181065772972769,1
8,3,0.23732111471877082,0.36982651890603657,0.48256164291485115,0.006594039290988048,-0.06182824862681186,0.051810657729727705,1
8,3,-0.4808109316604219,-0.13228599946117714,0.9712303804933182,0.006594039290988001,-0.061828248626811876,0.0518106577297277,1
8,3,-0.1433228486418643,0.3692089924053552,0.7186126037473684,0.006594039290988043,-0.06182824862681187,0.0518106577297277,1
8,3,0.12392606722610666,0.12486591918641698,0.4115250839959601,0.00659403929098808,-0.061828248626811876,0.05181065772972769,1
8,3,0.11276453876558579,-0.2834846070660535,0.5789116931511404,0.0065940392909880595,-0.06182824862681186,0.0518106577297277,1
8,3,-0.24652312711146251,-0.35064537143873675,0.979124062931741,0.006594039290988,-0.06182824862681186,0.051810657729727705,1
8,3,0.3176590635877081,0.43261182095192385,0.33725344805016766,0.006594039290987988,-0.061828248626811855,0.051810657729727705,1
8,3,-0.038314787138982176,0.22641006818799814,0.2919158701790072,0.006594039291132367,-0.061828248626847944,0.05181065772971132,1
8,3,0.07704368917901139,0.35084618793766364,0.5477602941632389,0.006594039290988021,-0.06182824862681187,0.051810657729727705,1
8,3,-0.14887299606973659,-0.2924147601425462,0.36840047873206605,0.0065940392909880205,-0.061828248626811876,0.051810657729727705,1
8,3,-0.10243032106203964,-0.3406727744101965,0.8800471813066106,0.0065940392909880265,-0.06182824862681187,0.051810657729727705,1
8,3,-0.24812345334839092,-0.14951946318710774,0.7551018299226562,0.00659403929098803,-0.06182824862681186,0.0518106577297277,1
8,3,0.4441089820973716,0.14296610981645985,0.5433283509381897,0.006594039290988046,-0.06182824862681186,0.05181065772972769,1
8,3,0.21457767219676516,0.29836439196338294,0.4497085595256163,0.006594039290987991,-0.06182824862681184,0.051810657729727705,1
8,3,0.395515668925986,-0.2628559723470598,0.5140836722057556,0.006594039291007397,-0.06182824862681702,0.051810657729725394,1
8,3,-0.3162057541127019,0.4313330076613777,0.018070260156526352,0.006594039290988014,-0.06182824862681185,0.05181065772972771,1
8,3,-0.3270541864191334,0.05376768133164611,0.44951415330693134,0.006594039290988135,-0.06182824862681186,0.051810657729727684,1
8,3,-0.0171840678559263,0.04271189907126427,0.23335920563873813,0.0065940392909880005,-0.061828248626811855,0.05181065772972771,1
8,3,-0.48784188999543643,0.12128033439835684,0.2129718396442566,0.00659403929098808,-0.061828248626811855,0.05181065772972769,1
8,3,0.47038247130643573,0.1932442064384139,0.8949811924353916,0.006594039290988059,-0.061828248626811855,0.0518106577297277,1
8,3,-0.3814776376547824,0.41241457577627716,0.7631772073292284,0.006594039290988069,-0.061828248626811855,0.0518106577297277,1
8,3,-0.42966150264504943,-0.009945142436942556,0.6770282038714974,0.006594039290988068,-0.06182824862681187,0.05181065772972769,1
8,3,-0.26526107003863797,0.3206859021631032,0.3348225389047843,0.006594039290989161,-0.06182824862681215,0.05181065772972756,1
8,3,-0.48988778743428507,0.37122822631581376,0.299370866277731,0.006594039290988062,-0.061828248626811855,0.05181065772972769,1
8,3,0.4912937772325696,0.12454113494985264,0.13936219146964324,0.006594039290987999,-0.06182824862681185,0.051810657729727705,1
8,3,-0.14749278294472634,-0.26899220533651813,0.9718921911507279,0.006594039290988053,-0.06182824862681186,0.05181065772972769,1
8,3,0.4536350884007023,0.1848154218483098,0.04041365331372049,0.006594039290988007,-0.061828248626811855,0.05181065772972771,1
8,3,-0.25183003090145384,0.18274815272804745,0.44217385541780074,0.006594039290988057,-0.06182824862681186,0.0518106577297277,1
8,3,-0.34404294923821266,-0.1757423324556049,0.032312866437648635,0.006594039290988083,-0.06182824862681187,0.051810657729727705,1
8,3,-0.2061088560269808,0.3708274120370767,0.7769049011783926,0.006594039290988031,-0.06182824862681186,0.0518106577297277,1
8,3,0.03952996449032353,0.2649203037372576,0.8171057303938858,0.006594039290988038,-0.06182824862681187,0.05181065772972769,1
8,3,0.35655808111688736,0.16352900449844254,0.8432352784250754,0.006594039290988072,-0.061828248626811855,0.05181065772972769,1
8,3,0.012565662462338256,-0.0034778578346648104,0.6512261511942747,0.006594039290988024,-0.06182824862681187,0.0518106577297277,1
8,3,-0.0818899012427754,-0.4388579681293414,0.778500881693502,0.00659403929098802,-0.061828248626811876,0.051810657729727705,1
8,3,0.397491662038304,-0.345620288977456,0.9387135910577105,0.0065940392909880395,-0.06182824862681187,0.051810657729727705,1
8,3,-0.03737502510733437,-0.04827292604425848,0.46564151273785104,0.0065940392909880656,-0.06182824862681186,0.0518106577297277,1
8,3,0.09901226153366016,0.16428607764551573,0.2261896868636013,0.006594039290988083,-0.061828248626811876,0.051810657729727705,1
8,3,-0.03668898717922042,-0.17522647207919584,0.8179565869711982,0.006594039291873328,-0.0618282486270329,0.051810657729627355,1
8,3,-0.0706529658870445,-0.24646770415560648,0.04764999489261856,0.006594039290988076,-0.061828248626811855,0.0518106577297277,1
8,3,-0.35662454316612147,0.14212995818630803,0.9486439896081096,0.006594039290988033,-0.061828248626811876,0.0518106577297277,1
8,3,0.11624124594666574,0.30601327210120544,0.7065160146085523,0.006594039290988073,-0.06182824862681187,0.05181065772972769,1
8,3,-0.015395746879175665,0.18766626286934884,0.1436087674395421,0.006594039290988026,-0.06182824862681186,0.0518106577297277,1
8,3,-0.46675009481043017,0.35428126287926065,0.7928089405162242,0.006594039290988073,-0.061828248626811855,0.0518106577297277,1
8,3,0.2943461676782795,0.14373990795056746,0.4295131951939317,0.006594039290988058,-0.061828248626811855,0.0518106577297277,1
8,3,0.20430197689027274,-0.20340152672337264,0.9154496988550456,0.006594039290988044,-0.06182824862681186,0.05181065772972769,1
8,3,0.06551980033833327,-0.1051680317151873,0.72794522567872,0.006594039290988079,-0.06182824862681186,0.051810657729727705,1
8,3,0.1549326059265621,-0.25588426955113364,0.1931998082151971,0.006594039290988,-0.06182824862681187,0.0518106577297277,1
8,3,-0.3605829636844855,0.4952633216620581,0.5312114521463187,0.006594039290988101,-0.06182824862681186,0.05181065772972769,1
8,3,0.34962755190410055,0.1339545764008403,0.4899432383199611,0.006594039290988095,-0.06182824862681186,0.051810657729727705,1
8,3,0.3491665612745447,0.4699878140319207,0.023054350019664938,0.00659403929098794,-0.06182824862681186,0.05181065772972771,1
8,3,-0.362590529295723,0.13825200716439934,0.30125991821414866,0.006594039290988072,-0.061828248626811876,0.05181065772972769,1
8,3,0.13790723839040986,-0.02316953919005771,0.7136887686258313,0.006594039290988115,-0.06182824862681185,0.051810657729727684,1
8,3,0.18040913135043657,-0.25496286103250987,0.3397494068168365,0.006594039290988053,-0.061828248626811855,0.0518106577297277,1
8,3,0.29409999559130817,0.2605216486880426,0.5045378893557595,0.006594039290988007,-0.061828248626811876,0.05181065772972771,1
8,3,0.2100389815816197,0.15633555246764574,0.11398541774247994,0.006594039290988018,-0.06182824862681187,0.051810657729727705,1
8,3,0.0383972106942887,-0.13051651119006702,0.22915447811669276,0.006594039290988065,-0.06182824862681186,0.051810657729727705,1
8,3,-0.4386750563444368,0.3289510824548729,0.5540662197949842,0.006594039290987998,-0.06182824862681187,0.0518106577297277,1
8,3,0.4541396903569883,-0.08703659984346346,0.20325728491545236,0.006594039290988032,-0.06182824862681186,0.051810657729727705,1
8,3,0.15060113008613807,-0.01136883623724505,0.1905189827801257,0.0065940392909880526,-0.06182824862681186,0.05181065772972769,1
8,3,-0.03971179053949281,0.3897606964135858,0.665210792409966,0.00659403929098805,-0.061828248626811855,0.0518106577297277,1
8,3,0.42314833802732377,0.4831208868195891,0.5894629458032496,0.006594039290988011,-0.06182824862681186,0.05181065772972771,1
8,3,0.11628985191272156,-0.29962256601287085,0.868755001173515,0.006594039290988155,-0.06182824862681186,0.051810657729727684,1
8,3,0.05765421458930908,0.34034459467961176,0.10727033763740823,0.006594039290988042,-0.06182824862681186,0.051810657729727705,1
8,3,-0.36458644312661925,0.13337546411396817,0.44037960172794,0.006594039290988051,-0.06182824862681187,0.051810657729727705,1
8,3,-0.4869369271575248,-0.3920886012664584,0.9972521238010157,0.006594039290988045,-0.06182824862681186,0.051810657729727705,1
8,3,-0.031177427811833747,-0.07304370937016813,0.5480178104547162,0.006594039290988003,-0.061828248626811876,0.051810657729727705,1
8,3,-0.28937116707466215,0.3646008381873189,0.2173612660125106,0.006594039290988054,-0.06182824862681186,0.0518106577297277,1
8,3,0.1957079324280493,-0.22091015066726616,0.9351456667227069,0.006594039290988037,-0.06182824862681186,0.05181065772972769,1
8,3,0.1887259969050139,-0.2388631675103765,0.037476682665572136,0.0065940392909880656,-0.06182824862681187,0.0518106577297277,1
8,3,0.29200276163714567,0.42962948703973014,0.965332999098492,0.0065940392909880465,-0.061828248626811855,0.0518106577297277,1
8,3,-0.0030181391703374416,-0.14072067851962577,0.20481523520880707,0.006594039290988082,-0.061828248626811855,0.0518106577297277,1
8,3,0.20748768456639155,-0.18422635348688132,0.6764043511824855,0.00659403929098806,-0.06182824862681187,0.0518106577297277,1
8,3,-0.3787175352635266,-0.40081368509515336,0.8134309608060046,0.006594039290988045,-0.06182824862681186,0.05181065772972769,1
8,3,0.3202301096917506,-0.26370754106075966,0.5139076195670025,0.006594039290988066,-0.06182824862681187,0.0518106577297277,1
8,3,0.20964387006697094,0.004432291122207888,0.7406100407907947,0.0065940392909880005,-0.061828248626811876,0.051810657729727705,1
8,3,-0.34852584951834853,0.17527906273254712,0.614591476802923,0.0065940392909880725,-0.061828248626811855,0.0518106577297277,1
8,3,-0.19177010994519805,-0.402190147101672,0.474878598645762,0.006594039290988054,-0.06182824862681186,0.0518106577297277,1
8,3,0.4305426401800472,0.22947654811947182,0.9764292255865241,0.006594039290988036,-0.06182824862681186,0.051810657729727705,1
8,3,0.0126608541023987,0.022602426626630034,0.5540163641048261,0.006594039290949773,-0.06182824862680168,0.05181065772973227,1
8,3,-0.4933147935392199,-0.07729033334257762,0.5298576380163467,0.006594039290988077,-0.06182824862681187,0.05181065772972769,1
8,3,-0.052264072825884966,0.3118049826432314,0.9664773655424577,0.0065940392909880925,-0.06182824862681186,0.05181065772972769,1
8,3,0.29054038654416736,-0.26816827880291183,0.5895576525271611,0.006594039290899507,-0.06182824862678952,0.05181065772973783,1
8,3,-0.17514397061626163,-0.0405796637518423,0.40155238520804026,0.006594039290988089,-0.06182824862681187,0.05181065772972769,1
8,3,-0.16674824425368318,-0.23793838212837515,0.9510099530402054,0.006594039290988041,-0.06182824862681187,0.051810657729727705,1
8,3,0.23266845476577425,0.3996566272935791,0.5853480972611731,0.0065940392909880656,-0.06182824862681187,0.0518106577297277,1
8,3,0.4120500948779735,-0.2952752857024441,0.08040263404223014,0.006594039290988089,-0.061828248626811855,0.05181065772972769,1
8,3,0.04249401481095538,-0.052310864531316614,0.3056546065612378,0.006594039290987978,-0.061828248626811876,0.051810657729727705,1
8,3,0.4223874931659859,-0.05711664097294755,0.15813424758610606,0.006594039290987982,-0.06182824862681185,0.051810657729727705,1
8,3,0.1824075516006911,0.33460921960635104,0.8940476309723406,0.006594039290988019,-0.06182824862681186,0.051810657729727705,1
8,3,-0.36074795781156,0.049454842412259614,0.8850997425450013,0.006594039290988047,-0.06182824862681186,0.0518106577297277,1
8,3,0.4540807773491018,0.15162555778561693,0.817793592767027,0.006594039290987934,-0.061828248626811855,0.05181065772972771,1
8,3,-0.2346113706381121,0.35078826330891477,0.38695371936057565,0.006594039290988112,-0.06182824862681185,0.0518106577297277,1
8,3,-0.2417701247490187,0.48867354429724186,0.8876744407244535,0.006594039290988078,-0.06182824862681186,0.0518106577297277,1
8,3,-0.42683727171850694,-0.493500871673066,0.6791889590337616,0.006594039290988027,-0.06182824862681186,0.0518106577297277,1
8,3,0.1231768047804398,-0.4638769155501288,0.0199626174223273,0.006594039290988003,-0.061828248626811876,0.05181065772972771,1
8,3,0.4039185561824985,0.18019616241887348,0.8495952160786522,0.006594039290988023,-0.06182824862681185,0.051810657729727705,1
8,3,0.1958606121911688,-0.14397543611268104,0.9930380994019627,0.0065940392909880725,-0.06182824862681186,0.0518106577297277,1
8,3,-0.36147770853122774,0.3700741730677102,0.7353230432832372,0.0065940392909880465,-0.061828248626811876,0.0518106577297277,1
8,3,0.08648416442810802,0.31598453874020827,0.6795232295888298,0.006594039290988055,-0.061828248626811855,0.05181065772972769,1
8,3,-0.08527464378355232,-0.22738485297991873,0.4243746004224349,0.006594039290988029,-0.06182824862681186,0.0518106577297277,1
8,3,0.09053503431075316,-0.14058205434308735,0.8146685853824576,0.006594039290988125,-0.061828248626811876,0.05181065772972769,1
8,3,-0.04300016323826883,0.46735774647062467,0.3135302306717185,0.006594039290988029,-0.06182824862681187,0.0518106577297277,1
8,3,-0.40476773924802156,-0.22042024717574726,0.41522502437184095,0.0065940392909880465,-0.06182824862681186,0.0518106577297277,1
8,3,-0.30969895025132943,-0.2944133404913205,0.7006138844013614,0.006594039290988022,-0.06182824862681186,0.051810657729727705,1
8,3,-0.443349005365687,-0.282023651958651,0.6132196275342696,0.0065940392909880335,-0.061828248626811855,0.0518106577297277,1
8,3,0.11886373140858564,-0.3224088490037047,0.40638995270478406,0.006594039290988014,-0.061828248626811876,0.051810657729727705,1
8,3,-0.09017812628974808,0.0781521848633544,0.23837859700757513,0.0065940392909880395,-0.06182824862681186,0.0518106577297277,1
8,3,0.15375622033921066,-0.3953906644324876,0.1795820911806454,0.00659403929098806,-0.06182824862681186,0.051810657729727705,1
8,3,0.37587718890615185,-0.4689259776929364,0.691558292492654,0.006594039290988065,-0.061828248626811855,0.0518106577297277,1
8,3,-0.21906768295500023,-0.4471070612123498,0.23211764134527635,0.006594039290988073,-0.061828248626811876,0.05181065772972769,1
8,3,0.2734225020839811,0.18833713648397699,0.7942715317799989,0.006594039290988031,-0.06182824862681187,0.051810657729727705,1
8,3,-0.32973173989020577,0.19659399712907888,0.1941900013968647,0.006594039290988078,-0.061828248626811876,0.051810657729727705,1
8,3,0.03726203285625673,-0.464321515690189,0.29572539249064045,0.0065940392909880265,-0.06182824862681187,0.05181065772972771,1
8,3,-0.4596345995011559,0.05326815509665117,0.5935826378737403,0.006594039290988001,-0.06182824862681188,0.05181065772972772,1
8,3,-0.28220526324636386,-0.29355841285290185,0.6710752849478763,0.006594039290988041,-0.06182824862681186,0.05181065772972769,1
8,3,0.3801614627457106,0.2232442465348885,0.6363039448480716,0.006594039290988094,-0.061828248626811876,0.0518106577297277,1
8,3,-0.46909892331685943,0.4611381173759561,0.21258536442312193,0.006594039290988095,-0.06182824862681186,0.0518106577297277,1
8,3,0.2168752229554114,-0.49205966822187475,0.44584016716398445,0.006594039290988011,-0.06182824862681186,0.051810657729727705,1
8,3,-0.12979662717259655,0.29501288885299837,0.33052790635977525,0.006594039290988028,-0.06182824862681187,0.0518106577297277,1
8,3,-0.22148577330702013,0.3633703779715818,0.12767204807409538,0.0065940392909880265,-0.06182824862681187,0.05181065772972771,1
8,3,0.4714116506971979,-0.35445999607592205,0.6248734144495793,0.006594039290988029,-0.06182824862681186,0.051810657729727705,1
8,3,-0.12441817130574817,-0.04228975794709222,0.23307958875200518,0.006594039290988061,-0.06182824862681186,0.0518106577297277,1
8,3,-0.4460270262237287,0.366624753502959,0.1376380331969309,0.0065940392909880005,-0.061828248626811855,0.051810657729727705,1
8,3,0.07155973717503894,-0.3478614187161171,0.4307206264378649,0.006594039290988034,-0.061828248626811855,0.051810657729727705,1
8,3,0.43099400256412457,0.12549558357572366,0.9503290363287995,0.0065940392909880135,-0.06182824862681187,0.0518106577297277,1
8,3,0.2952976606958626,0.3363678820909184,0.3890102168644083,0.006594039290988101,-0.061828248626811855,0.0518106577297277,1
8,3,-0.42898492750461426,-0.4731226818183236,0.11876406069808354,0.0065940392909880526,-0.06182824862681187,0.0518106577297277,1
8,3,-0.4139460099610677,-0.46311787024208795,0.6679965088946485,0.006594039290988062,-0.06182824862681187,0.05181065772972769,1
8,3,-0.1389278435831136,0.15842004719368163,0.6115882100710284,0.006594039290988054,-0.06182824862681186,0.05181065772972769,1
8,3,0.12662001156926683,-0.3225518731025585,0.8504652499125629,0.006594039290988038,-0.06182824862681186,0.051810657729727705,1
8,3,0.2196086350607107,0.36112934336148506,0.6701723103632289,0.006594039290988092,-0.061828248626811855,0.05181065772972769,1
8,3,-0.1390439927474305,0.009568338567975898,0.3772723079052165,0.0065940392909879806,-0.06182824862681186,0.051810657729727705,1
8,3,0.47114828564274536,-0.13833954863260978,0.5681872427629409,0.0065940392909880265,-0.06182824862681187,0.051810657729727705,1
8,3,0.45259564043311684,0.05882945105723891,0.04159732364676971,0.006594039290988108,-0.061828248626811855,0.05181065772972769,1
8,3,0.4754159562865379,0.05520080529734983,0.5186971661479727,0.006594039290988085,-0.061828248626811855,0.0518106577297277,1
8,3,0.1216385546436658,0.20634803104676536,0.1264045422551956,0.006594039290988052,-0.06182824862681186,0.0518106577297277,1
8,3,0.197733868194637,-0.4078419588377611,0.6844045361606848,0.0065940392909878045,-0.06182824862681182,0.05181065772972773,1
8,3,-0.13630777709099662,-0.48322418991458616,0.1621142281319814,0.006594039290988042,-0.06182824862681187,0.05181065772972771,1
8,3,0.40615432325635425,0.17705622106995755,0.3014432431895462,0.00659403929098808,-0.06182824862681186,0.05181065772972769,1
8,3,0.18571804523366953,-0.025091399763365496,0.5305963863380803,0.006594039290988074,-0.061828248626811876,0.0518106577297277,1
8,3,-0.1260295868204364,0.4143242362674071,0.9571246447132744,0.006594039290988035,-0.061828248626811876,0.05181065772972771,1
8,3,-0.44971265092335067,0.297345182121191,0.34079370130471265,0.006594039290988094,-0.06182824862681185,0.05181065772972769,1
8,3,-0.38398634166551604,-0.4202195493583336,0.16858266702890057,0.006594039290988052,-0.06182824862681187,0.0518106577297277,1
8,3,0.28755674751600147,-0.4382516269547392,0.18372239510884758,0.0065940392909880925,-0.06182824862681186,0.0518106577297277,1
8,3,-0.4310530227477376,-0.2621029834336417,0.6273447011230482,0.006594039290988044,-0.06182824862681187,0.051810657729727705,1
8,3,0.12585814005958196,0.3358287702390006,0.06546802455443013,0.0065940392909880265,-0.06182824862681186,0.051810657729727705,1
8,3,-0.11637742152423569,0.07473707545790065,0.13377919547638628,0.00659403929098811,-0.061828248626811855,0.05181065772972769,1
8,3,0.4572923570523506,-0.15239765959055074,0.9205934663185857,0.006594039290988065,-0.06182824862681187,0.0518106577297277,1
8,3,-0.12561220717869226,0.11978811326800987,0.9691855073138136,0.006594039290988053,-0.06182824862681188,0.051810657729727705,1
8,3,-0.4117678766928803,0.2568889293796699,0.45386165683610336,0.006594039290988069,-0.06182824862681185,0.0518106577297277,1
8,3,-0.49963264700526744,-0.4526194049070831,0.49591526195544566,0.006594039290988092,-0.06182824862681185,0.05181065772972769,1
8,3,0.17467743952215953,0.388509689314831,0.03930909577084929,0.006594039290988039,-0.06182824862681186,0.0518106577297277,1
8,3,-0.24017719312442365,0.09938777182917313,0.7729122549169258,0.006594039290988062,-0.06182824862681186,0.051810657729727705,1
8,3,-0.19814773265199004,-0.3428891489388013,0.12848516185506265,0.006594039290988028,-0.06182824862681187,0.051810657729727705,1
8,3,-0.02571127811777396,0.08434351029174625,0.8849199309982192,0.006594039290988023,-0.06182824862681186,0.051810657729727705,1
8,3,0.08064268028761457,-0.20320380110519065,0.8292127214130953,0.006594039290988066,-0.061828248626811855,0.05181065772972769,1
8,3,0.22855007562961616,-0.3383832035366461,0.83453328053227,0.006594039290988012,-0.06182824862681187,0.051810657729727705,1
8,3,0.08410972877355372,-0.2942485333397824,0.1325833511716541,0.0065940392909880335,-0.061828248626811855,0.0518106577297277,1
8,3,-0.3931920266482434,0.46250893550394157,0.4963549261015294,0.0065940392909880265,-0.06182824862681187,0.0518106577297277,1
8,3,-0.042524426205720056,-0.1441693045715391,0.7172130048554082,0.006594039290988064,-0.061828248626811855,0.05181065772972769,1
8,3,0.22479137578172503,-0.028953912915937075,0.26908522530799317,0.006594039290988028,-0.06182824862681186,0.051810657729727705,1
8,3,0.1919557983806115,0.4802398430941297,0.8553800082774015,0.006594039290988028,-0.06182824862681187,0.051810657729727705,1
8,3,0.04916250000419464,-0.08397803049228258,0.831875476657713,0.006594039290988055,-0.06182824862681186,0.051810657729727705,1
8,3,0.0935651639591426,0.04636249101508749,0.5923375620765923,0.00659403929098806,-0.061828248626811855,0.0518106577297277,1
8,3,0.27938991421177906,-0.20326078487784738,0.739495301255559,0.006594039290988109,-0.06182824862681187,0.051810657729727684,1
8,3,-0.09649164630383766,0.2627339849599517,0.9250200572861225,0.006594039290988031,-0.061828248626811876,0.051810657729727705,1
8,3,0.17178815808940318,-0.02043499366169388,0.714916242536622,0.006594039290988017,-0.06182824862681187,0.051810657729727705,1
8,3,-0.3919089965174911,-0.3934763797634995,0.9599532191972713,0.006594039290988085,-0.061828248626811855,0.051810657729727684,1
8,3,0.12952718253432538,0.16591701613883725,0.5303598596931529,0.006594039290988054,-0.061828248626811855,0.0518106577297277,1
8,3,0.21044741370440168,0.4316807095240105,0.3289089012861839,0.006594039290988045,-0.06182824862681186,0.0518106577297277,1
8,3,0.15580009197074207,-0.19661429097356042,0.7840216906203898,0.006594039290988083,-0.06182824862681187,0.05181065772972769,1
8,3,-0.32315055347469523,0.3422702114440994,0.06638050928353345,0.00659403929098807,-0.06182824862681185,0.0518106577297277,1
8,3,0.3146665659538621,-0.39165661966568943,0.11462520530797815,0.0065940392909880794,-0.06182824862681187,0.0518106577297277,1
8,3,-0.4904812143744419,0.04745969491662083,0.30843041486022726,0.006594039290988013,-0.06182824862681187,0.05181065772972771,1
8,3,0.05789032777732395,-0.06282292676507262,0.9102313506539965,0.006594039290988089,-0.061828248626811855,0.051810657729727684,1
8,3,-0.29522087855863965,0.313592083967402,0.4992350295217516,0.006594039290988062,-0.06182824862681186,0.051810657729727705,1
8,3,0.20038190910165787,0.42148592538783514,0.8650557154680096,0.006594039290988063,-0.06182824862681187,0.05181065772972769,1
8,3,-0.26524809735820787,0.2682436821384211,0.1644923677120762,0.006594039290988069,-0.06182824862681186,0.0518106577297277,1
8,3,0.3309915242678707,0.008958167441830645,0.10507966304749194,0.0065940392909880794,-0.06182824862681186,0.0518106577297277,1
8,3,0.4894192040386993,-0.4448954822152065,0.016578429140208684,0.006594039290988019,-0.06182824862681186,0.051810657729727705,1
8,3,0.3871096951616073,-0.05056049128695883,0.43496695740432134,0.006594039290988003,-0.06182824862681186,0.051810657729727705,1
8,3,-0.11447173913780673,0.43332892847720195,0.8090610962683098,0.006594039290988023,-0.061828248626811876,0.05181065772972771,1
8,3,0.36908632525154017,0.18229506822942687,0.2757369680532553,0.006594039290988098,-0.061828248626811855,0.051810657729727705,1
8,3,-0.0116231395729256,-0.06232268261950891,0.8751507724007968,0.006594039290988098,-0.061828248626811855,0.0518106577297277,1
8,3,-0.3071000991279016,-0.433146323916215,0.010627277015629488,0.006594039290988048,-0.06182824862681185,0.05181065772972769,1
8,3,0.001550012682064894,-0.1594053851850481,0.9057381547108323,0.0065940392909880135,-0.061828248626811876,0.0518106577297277,1
8,3,-0.09430260312086136,-0.3451671637717333,0.8327047944795427,0.006594039290988053,-0.06182824862681187,0.051810657729727705,1
8,3,-0.4245696549909086,0.3464551495490542,0.6717727054243876,0.006594039290988052,-0.061828248626811855,0.051810657729727705,1
8,3,0.493502439560886,-0.21540085433192213,0.09430241778333293,0.006594039290988075,-0.061828248626811855,0.0518106577297277,1
8,3,0.021610585609209032,-0.39802617940918705,0.7313967840213835,0.006594039290988072,-0.061828248626811855,0.0518106577297277,1
8,3,-0.1345440256667405,-0.42159812116983586,0.4801447836196542,0.006594039290963452,-0.06182824862680532,0.051810657729730626,1
8,3,0.46806219640039504,0.26765171191607884,0.5699218286312182,0.006594039290988046,-0.06182824862681186,0.051810657729727705,1
8,3,-0.25257671254216296,0.17064960260476658,0.14316030787069112,0.0065940392909880395,-0.06182824862681187,0.051810657729727705,1
8,3,0.317683470962153,-0.20176242855280746,0.6756324824062305,0.006594039290988051,-0.06182824862681187,0.0518106577297277,1
8,3,0.250522561571914,-0.021254745113278295,0.17708613160035447,0.006594039290988063,-0.06182824862681186,0.051810657729727705,1
8,3,-0.4297668727101642,0.474159748394378,0.44448213676051096,0.006594039290988069,-0.06182824862681186,0.0518106577297277,1
8,3,0.3741675267412812,0.37410585084229586,0.7669734787613236,0.006594039290988048,-0.061828248626811876,0.0518106577297277,1
8,3,0.47760460360050483,-0.16658802352744506,0.8451171190739939,0.006594039290988064,-0.06182824862681186,0.05181065772972769,1
8,3,-0.20634555632697427,0.30327587927249366,0.29237568748390785,0.006594039290988012,-0.061828248626811855,0.051810657729727705,1
8,3,0.06418851878485832,0.3013954536364085,0.3687144260555837,0.006594039290988005,-0.06182824862681187,0.051810657729727705,1
8,3,0.05160039735603994,-0.18077745055039252,0.4618807146389332,0.006594039290987991,-0.061828248626811876,0.051810657729727705,1
8,3,-0.006415900468510927,0.0846772679985095,0.30055486601198256,0.0065940392910239405,-0.061828248626821423,0.051810657729723424,1
8,3,-0.03986443302390641,-0.049503330663044354,0.15426143357711397,0.00659403929108784,-0.06182824862683703,0.051810657729716283,1
8,3,0.32107366832795736,0.41142438370308154,0.9454053015773078,0.006594039290988091,-0.06182824862681185,0.051810657729727684,1
8,3,-0.3511996253084404,0.3626981480519573,0.5595412043936345,0.0065940392909880526,-0.06182824862681187,0.051810657729727705,1
8,3,-0.32050947562041054,-0.272752337684256,0.8999311139572916,0.006594039290988048,-0.06182824862681186,0.051810657729727705,1
8,3,-0.0794753255669538,-0.08858020550641776,0.721676534027579,0.006594039290988069,-0.06182824862681186,0.051810657729727705,1
8,3,-0.3626151674753504,0.4956120718556254,0.9102232823345973,0.006594039290987991,-0.06182824862681187,0.05181065772972771,1
8,3,0.004686006196147563,-0.023013022259491533,0.5560849045276917,0.006594039290988071,-0.06182824862681188,0.0518106577297277,1
8,3,-0.06684338828780456,0.0012549371786794161,0.9947662459224555,0.0065940392909880265,-0.06182824862681186,0.051810657729727705,1
8,3,-0.2638535695021629,0.3765674355120525,0.7714040506919337,0.006594039290988045,-0.061828248626811876,0.051810657729727705,1
8,3,0.4684151434427244,0.2961044044982484,0.10002375584612255,0.006594039290988052,-0.061828248626811855,0.051810657729727705,1
8,3,0.2993031305289786,0.06030710801495376,0.24893302170576548,0.006594039290988057,-0.06182824862681186,0.05181065772972771,1
8,3,-0.049827005064240426,0.4845935964524746,0.8320674902193639,0.00659403929098803,-0.061828248626811876,0.051810657729727705,1
8,3,-0.16232387882873378,-0.27785350903990214,0.6887023162175689,0.006594039290988007,-0.06182824862681186,0.051810657729727705,1
8,3,0.08620703452687062,-0.3196136008436474,0.5520147651533356,0.006594039290988061,-0.061828248626811855,0.0518106577297277,1
8,3,-0.17607122636236183,-0.18633118987899655,0.0694320368584016,0.006594039290988027,-0.06182824862681186,0.051810657729727705,1
8,3,0.30553647065942524,0.27926348493189224,0.19776565091081322,0.006594039290987988,-0.061828248626811876,0.05181065772972771,1
8,3,0.3257458452777129,-0.4595642817859147,0.005623237039515727,0.006594039291010998,-0.061828248626817954,0.05181065772972497,1
8,3,-0.13114151188128864,0.15340492447016674,0.4181304453667096,0.006594039290988117,-0.06182824862681187,0.05181065772972769,1
8,3,0.4174973783921099,0.4819972320323236,0.03684254782541885,0.006594039290988091,-0.06182824862681187,0.0518106577297277,1
8,3,0.02526591054927274,-0.4985045574974776,0.6727211259136097,0.006594039290743501,-0.061828248626750466,0.05181065772975554,1
8,3,-0.12996837677614015,0.2521785978518307,0.534255374646704,0.00659403929098809,-0.06182824862681186,0.05181065772972769,1
8,3,-0.36447674923821394,0.12083074865380361,0.577768568052059,0.006594039290988044,-0.06182824862681186,0.0518106577297277,1
8,3,0.18824130698534924,0.11800357821015894,0.7496332141918927,0.006594039290988018,-0.061828248626811855,0.0518106577297277,1
8,3,-0.4662970516314817,0.34689487528751806,0.25619103352805106,0.00659403929098805,-0.061828248626811855,0.05181065772972769,1
8,3,-0.4667161597659466,-0.39118436216958674,0.8457354498457881,0.006594039290988072,-0.06182824862681187,0.05181065772972769,1
8,3,-0.12525300946155005,-0.15642846861360438,0.21144320633973934,0.006594039290988083,-0.06182824862681186,0.0518106577297277,1
8,3,-0.3876119112599363,-0.05762961181753412,0.6879616764328156,0.006594039290988035,-0.06182824862681186,0.05181065772972769,1
8,3,-0.009415300074673727,-0.3197397559513395,0.7209352999187437,0.006594039290987983,-0.061828248626811876,0.051810657729727705,1
8,3,0.3246139018106726,-0.2973588002785388,0.9893527852798547,0.006594039290988043,-0.061828248626811855,0.0518106577297277,1
8,3,0.3714681189836091,0.31563275981490535,0.46521628209520527,0.006594039290988042,-0.061828248626811855,0.0518106577297277,1
8,3,0.44421790676738193,-0.4766335408974618,0.9409527600348473,0.006594039290988089,-0.061828248626811855,0.0518106577297277,1
8,3,-0.19832253778390707,0.27870273807269785,0.6964093555659248,0.006594039290988023,-0.06182824862681187,0.0518106577297277,1
8,3,0.3528019069710475,0.19499515991286875,0.23380334789082102,0.0065940392909880335,-0.06182824862681186,0.0518106577297277,1
8,3,-0.13154686443350427,0.01017680324214254,0.5420824666316117,0.006594039290988107,-0.06182824862681186,0.05181065772972769,1
8,3,-0.26171888755504424,0.22917638184315137,0.10510159152606158,0.006594039290988094,-0.06182824862681185,0.051810657729727684,1
8,3,0.133993310019634,0.27334012575606503,0.39032364122330776,0.006594039290988106,-0.061828248626811855,0.0518106577297277,1
8,3,-0.12218068312986574,-0.35215133203754845,0.7744547278576124,0.006594039290988069,-0.06182824862681185,0.0518106577297277,1
8,3,-0.40905592152588754,-0.2568889361035924,0.938565383448462,0.006594039290988025,-0.06182824862681186,0.0518106577297277,1
8,3,-0.13329645220885933,0.3004361220921965,0.5062086739662852,0.0065940392909880205,-0.061828248626811876,0.051810657729727705,1
8,3,-0.08139152749930534,0.13280355131001653,0.7574179362452846,0.006594039290988027,-0.06182824862681186,0.051810657729727684,1
8,3,-0.07657374577583997,0.023955470702485604,0.27329351141450586,0.0065940392909880335,-0.06182824862681186,0.0518106577297277,1
8,3,-0.46111066404014545,0.46480244085764855,0.6441017447466655,0.006594039290988026,-0.06182824862681187,0.05181065772972771,1
8,3,0.27632255817574114,0.39473389072661824,0.9008051543911118,0.0065940392909880656,-0.06182824862681186,0.05181065772972769,1
8,3,-0.3922367716238009,0.47833183698110693,0.4333803606886466,0.0065940392909261125,-0.061828248626795416,0.05181065772973508,1
8,3,-0.30951503039471806,-0.35560747061978315,0.6788241875120145,0.0065940392909880794,-0.06182824862681187,0.05181065772972769,1
8,3,-0.0010689054452079905,0.14257762731701118,0.1445234719959796,0.006594039290988088,-0.061828248626811876,0.0518106577297277,1
8,3,0.32842160851790925,-0.12032524350587015,0.44775633873061516,0.0065940392909880725,-0.06182824862681187,0.051810657729727705,1
8,3,0.3225746481594378,-0.19209616409406371,0.3498534241072655,0.006594039290988,-0.06182824862681187,0.051810657729727705,1
8,3,0.1851485282995653,-0.14889256854181654,0.35779311981177053,0.006594039291003441,-0.06182824862681582,0.05181065772972592,1
8,3,-0.4429949044181898,0.3750568343045424,0.663513278748451,0.006594039290988082,-0.06182824862681184,0.05181065772972769,1
8,3,0.2620071473207377,0.14702108465155095,0.9194958104954889,0.0065940392909880985,-0.06182824862681187,0.051810657729727705,1
8,3,-0.4867545812751335,0.43038635547482285,0.5656227733862105,0.006594039290988055,-0.061828248626811876,0.05181065772972771,1
8,3,0.034755993994407985,-0.10964940375194465,0.7799109610328567,0.0065940392909880925,-0.061828248626811855,0.05181065772972769,1
8,3,-0.013914752519554652,0.3716225528948305,0.8279974419619538,0.006594039290987958,-0.06182824862681186,0.051810657729727705,1
8,3,-0.32152516726930136,-0.016680130807685156,0.6902743595563747,0.006594039290988075,-0.06182824862681186,0.051810657729727705,1
8,3,0.44083960069857664,-0.2922116786471627,0.5741734040968802,0.006594039290988069,-0.06182824862681186,0.0518106577297277,1
8,3,-0.33078741637115106,0.007741477228544902,0.9346264938233277,0.006594039290988123,-0.061828248626811855,0.0518106577297277,1
8,3,-0.3949222044997338,0.18830107885245817,0.13229661012304916,0.006594039290987947,-0.06182824862681187,0.051810657729727705,1
8,3,-0.12899199619557744,0.1609783722156768,0.9540124542028126,0.006594039290990246,-0.06182824862681244,0.05181065772972744,1
8,3,-0.3312264092272754,0.10152722167120953,0.5214550831652554,0.006594039290988079,-0.06182824862681185,0.051810657729727684,1
8,3,0.30612849365211536,0.12060554068215268,0.5056267397404206,0.006594039290988066,-0.061828248626811876,0.0518106577297277,1
8,3,0.306426651552306,0.37539850587136625,0.14625800707341985,0.006594039290988019,-0.06182824862681186,0.0518106577297277,1
8,3,0.383351843511627,-0.4849469602397536,0.30187848854722965,0.006594039290988071,-0.06182824862681186,0.0518106577297277,1
8,3,-0.4654211123917076,0.24951400944547775,0.17925823231248716,0.006594039290988053,-0.06182824862681187,0.051810657729727705,1
8,3,-0.29346897580179676,0.32728112668870635,0.5180029924069092,0.006594039290988026,-0.061828248626811876,0.05181065772972771,1
8,3,-0.330062322954769,0.2601073198406736,0.9804596203351277,0.00659403929098797,-0.06182824862681186,0.051810657729727705,1
8,3,-0.021643357870493762,-0.47975485863330514,0.7643961051077672,0.00659403929098805,-0.06182824862681186,0.0518106577297277,1
8,3,-0.00450020506861426,0.3020682399384442,0.33122705236588357,0.006594039290988076,-0.06182824862681185,0.05181065772972769,1
8,3,-0.15199207652668512,-0.4417165549611153,0.8362630161918669,0.0065940392909933435,-0.0618282486268133,0.051810657729727067,1
8,3,0.17305080321048716,-0.38616674624423064,0.037890736051575,0.00659403929098799,-0.06182824862681185,0.05181065772972771,1
8,3,-0.10392234838754288,0.4230876994930073,0.8174901668091956,0.006594039290987968,-0.061828248626811855,0.051810657729727705,1
8,3,0.10607049327630547,-0.0496583471441876,0.14300596336226956,0.006594039290988036,-0.061828248626811876,0.05181065772972771,1
8,3,0.08623676294159277,0.2748233688356376,0.6092493507537555,0.00659403929098809,-0.06182824862681186,0.0518106577297277,1
8,3,-0.015430048322715217,0.4175969393967969,0.24604513279146123,0.006594039290988072,-0.061828248626811855,0.0518106577297277,1
8,3,-0.30086070317230584,-0.15103189686320317,0.7693751654303196,0.0065940392909880526,-0.061828248626811855,0.0518106577297277,1
8,3,-0.040610426200228034,0.09248489857614461,0.7998741135653022,0.006594039290988078,-0.061828248626811855,0.051810657729727705,1
8,3,-0.1352077321312477,-0.09711091029427554,0.2915350599201949,0.006594039290876569,-0.06182824862678225,0.051810657729740986,1
8,3,0.3056420828540525,0.3757980354772952,0.472263504347046,0.006594039290988086,-0.06182824862681187,0.0518106577297277,1
8,3,-0.37940957179916524,0.19011327813011247,0.14933055009543783,0.006594039290987976,-0.061828248626811876,0.051810657729727705,1
8,3,-0.17569550467963135,0.4862140922826592,0.0761075419077124,0.006594039290988,-0.06182824862681186,0.051810657729727705,1
8,3,0.09103277332063398,-0.45163187369360247,0.5217122260095239,0.00659403929098802,-0.06182824862681187,0.0518106577297277,1
8,3,0.47807704129031614,0.4560737532120158,0.6292801757011226,0.006594039291025091,-0.06182824862682172,0.051810657729723285,1
8,3,0.21856880557229963,0.2512006082100453,0.8446600827299946,0.006594039290988058,-0.06182824862681187,0.05181065772972769,1
8,3,0.40654542560335516,-0.39986328726313314,0.002091599820495782,0.006594039290988007,-0.061828248626811876,0.05181065772972771,1
8,3,-0.1625121884201961,-0.21941021220187773,0.2946892615008565,0.006594039290988062,-0.06182824862681186,0.051810657729727705,1
8,3,-0.42519049919887,-0.38191452199112286,0.5403397775064198,0.006594039290988004,-0.06182824862681186,0.05181065772972771,1
8,3,-0.10220629865633613,-0.48242616117779247,0.21506033134217395,0.0065940392909880335,-0.06182824862681187,0.051810657729727705,1
8,3,-0.10336859660634712,0.4758550905839012,0.022822018922056042,0.00659403929098805,-0.06182824862681186,0.051810657729727705,1
8,3,-0.3440671050856279,0.4452048678749392,0.7343081423127007,0.0065940392909880656,-0.06182824862681185,0.0518106577297277,1
8,3,-0.21845314793642867,-0.08139538680074598,0.9987211308536905,0.006594039291228564,-0.06182824862687225,0.0518106577297003,1
8,3,-0.18797399610732346,-0.27899752665082334,0.6546007511399345,0.0065940392909880595,-0.06182824862681189,0.0518106577297277,1
8,3,0.003711372414012759,-0.2533752210639042,0.6098659801831605,0.006594039290988044,-0.06182824862681187,0.05181065772972771,1
8,3,0.05703122998826693,-0.22177141227205333,0.2999868100657068,0.006594039290988069,-0.06182824862681186,0.0518106577297277,1
8,3,-0.3467287358609086,-0.08694851155975614,0.21259197081948833,0.006594039291045439,-0.061828248626826385,0.05181065772972112,1
8,3,-0.09506548028492401,-0.13907674583845586,0.7555094641193678,0.006594039290988043,-0.06182824862681187,0.051810657729727705,1
8,3,-0.22653949377531313,0.47894184823573016,0.3040676788934049,0.0065940392909880205,-0.06182824862681186,0.0518106577297277,1
8,3,0.04127803201787428,0.10498343243372465,0.23233205201441165,0.006594039290988085,-0.061828248626811876,0.0518106577297277,1
8,3,-0.07783952124351123,-0.3616494311868308,0.6320474133593368,0.00659403929098806,-0.061828248626811855,0.0518106577297277,1
8,3,0.20266707098806624,0.3052481673540697,0.8470839923003983,0.006594039290988072,-0.06182824862681185,0.05181065772972769,1
8,3,-0.3567805874505614,-0.3404027443938118,0.27565637789657593,0.00659403929098803,-0.061828248626811855,0.0518106577297277,1
8,3,0.19345606231974388,0.18134598244377198,0.07780158975509943,0.0065940392909880794,-0.061828248626811855,0.0518106577297277,1
8,3,-0.021372504800960535,0.44125863333084103,0.13185955048948306,0.006594039290988064,-0.061828248626811855,0.0518106577297277,1
8,3,-0.24984938683899416,-0.4832309580904548,0.05673543583370999,0.00659403929098801,-0.06182824862681185,0.05181065772972771,1
8,3,-0.17308452347009928,0.1996769176377855,0.7154502240512475,0.006594039290988084,-0.06182824862681186,0.05181065772972769,1
8,3,0.16545480137977786,-0.09001423690578148,0.8759616060973816,0.006594039290988072,-0.06182824862681187,0.0518106577297277,1
8,3,0.013578707176189031,0.342420950671974,0.27532969074130853,0.0065940392909880794,-0.061828248626811876,0.051810657729727705,1
8,3,0.3563548113291728,0.4829121343453495,0.4987330198576576,0.006594039290988034,-0.061828248626811855,0.051810657729727705,1
8,3,0.10037580854692463,-0.1597446662000308,0.3106648829793057,0.006594039290988021,-0.061828248626811876,0.05181065772972771,1
8,3,0.06482959771120989,-0.1382415424823069,0.1981694950551307,0.0065940392909880794,-0.06182824862681188,0.051810657729727705,1
8,3,-0.25707754198954524,-0.31141427299540325,0.670407791075827,0.006594039290988047,-0.06182824862681186,0.051810657729727705,1
8,3,-0.24312562802931836,0.2650766134544251,0.46276368281261737,0.00659403929098811,-0.06182824862681186,0.0518106577297277,1
8,3,-0.2858722129859186,-0.11430579742063829,0.1980656963209122,0.006594039290988027,-0.061828248626811876,0.051810657729727705,1
8,3,0.08799113124139546,0.21289232253416102,0.5640292758816301,0.00659403929098807,-0.061828248626811855,0.0518106577297277,1
8,3,0.26017975524835735,0.08271047117032171,0.06215734692215036,0.006594039290988002,-0.06182824862681187,0.051810657729727705,1
8,3,-0.11165662437261425,-0.12782046822807858,0.9774743742254892,0.006594039290988048,-0.06182824862681187,0.0518106577297277,1
8,3,-0.20165545596026835,-0.29792020268053165,0.3181638369755879,0.006594039290988021,-0.06182824862681186,0.051810657729727705,1
8,3,-0.049287957354816836,0.33334101530142135,0.16236068763671052,0.006594039290988021,-0.06182824862681187,0.051810657729727705,1
8,3,-0.10752637119431374,-0.054807524806731234,0.8766980476663795,0.00659403929098807,-0.06182824862681187,0.051810657729727705,1
8,3,0.12824909001735163,0.11106864258747962,0.6119957366023965,0.006594039290988068,-0.06182824862681186,0.05181065772972769,1
8,3,0.39577963137934025,0.29450446757152404,0.4790008019212213,0.006594039290988064,-0.061828248626811855,0.0518106577297277,1
8,3,-0.17796618243887852,0.2435393285828229,0.9416539782694713,0.0065940392909880526,-0.061828248626811855,0.051810657729727684,1
8,3,0.057694230345384456,0.43307405175264435,0.6895440077119104,0.006594039290988091,-0.06182824862681186,0.05181065772972769,1
8,3,0.46276112963708216,0.4066476732742932,0.17410348986023494,0.006594039290988033,-0.06182824862681187,0.051810657729727705,1
8,3,-0.30376726075822,0.1867905484770933,0.07679561784674815,0.006594039290988053,-0.06182824862681185,0.051810657729727684,1
8,3,-0.06605079477949016,-0.27152205118490524,0.8305654952840786,0.00659403929098805,-0.061828248626811855,0.05181065772972769,1
8,3,-0.26586828575979893,-0.07527919817047102,0.9472152678112093,0.006594039290988083,-0.06182824862681186,0.05181065772972769,1
8,3,0.11204920594277357,-0.19600271537660707,0.006988830718704264,0.006594039290988051,-0.061828248626811876,0.05181065772972771,1
8,3,0.39905387017182137,0.4005356129180404,0.5569607683598135,0.006594039290988063,-0.06182824862681186,0.0518106577297277,1
8,3,0.47059973712337255,0.286872690583335,0.2292221245779884,0.00659403929098803,-0.06182824862681185,0.05181065772972771,1
8,3,-0.004833896920480418,0.424014343371361,0.669691552851835,0.006594039290988041,-0.06182824862681186,0.0518106577297277,1
8,3,0.06160914471202816,0.28524647031495154,0.11519686572742915,0.006594039290987994,-0.061828248626811876,0.051810657729727705,1
8,3,-0.10393332978194736,0.44109561842074574,0.8600503137737643,0.00659403929098805,-0.06182824862681187,0.051810657729727705,1
8,3,-0.19338786912181294,-0.40195110347207974,0.15063454428058543,0.0065940392909880005,-0.061828248626811855,0.0518106577297277,1
8,3,0.027961158947556575,-0.08230260375281917,0.024043923976132753,0.006594039290988081,-0.06182824862681186,0.05181065772972769,1
8,3,-0.062120156891341205,0.22962125155963276,0.575073376272158,0.006594039290930221,-0.061828248626796506,0.051810657729734595,1
8,3,-0.18464155263916138,0.022771237136437472,0.7955219733988095,0.006594039290988071,-0.06182824862681186,0.05181065772972771,1
8,3,0.33000950433661225,-0.3466278593750567,0.3826017969516351,0.006594039290988052,-0.06182824862681187,0.05181065772972769,1
8,3,-0.02091714975191339,-0.07038527894521618,0.05576655568626698,0.0065940392909880265,-0.061828248626811876,0.051810657729727705,1
8,3,-0.11371288685434178,0.17142729642678445,0.9545631508148733,0.006594039290988024,-0.06182824862681185,0.0518106577297277,1
8,3,-0.029480695837974302,0.24479872500682975,0.6206424837143067,0.0065940392909880335,-0.06182824862681187,0.051810657729727705,1
8,3,-0.3419635471047846,0.00791763578380733,0.17627202000895914,0.006594039290988053,-0.061828248626811876,0.0518106577297277,1
8,3,0.11939749571423142,-0.4037245651910033,0.5420216179637694,0.006594039290988053,-0.06182824862681186,0.0518106577297277,1
8,3,-0.012937346491950663,0.010773649297241672,0.3377046113467095,0.0065940392909880335,-0.061828248626811855,0.0518106577297277,1
8,3,-0.11150305620308831,-0.007364074798728915,0.7461649908006835,0.006594039290987991,-0.06182824862681187,0.05181065772972771,1
8,3,0.022621257165588604,0.3166701148755773,0.1617349724278716,0.006594039290988079,-0.06182824862681185,0.05181065772972769,1
8,3,-0.33034043228300547,-0.17865639958585366,0.991828920651852,0.006594039290988098,-0.06182824862681186,0.05181065772972769,1
8,3,0.16734212147308747,0.03222537979194784,0.12642764378988303,0.00659403929098805,-0.06182824862681187,0.051810657729727705,1
8,3,-0.09696763946395537,0.4594545737463711,0.9476060174298189,0.006594039290988026,-0.06182824862681187,0.051810657729727705,1
8,3,-0.3323131948325633,0.012307112389630781,0.47297827081782806,0.006594039290988003,-0.06182824862681187,0.051810657729727705,1
8,3,0.28638012146189995,-0.17022965921918498,0.21419091490433328,0.006594039290988017,-0.06182824862681187,0.051810657729727705,1
8,3,0.1518342016281855,0.008464188599702105,0.6607301256245999,0.0065940392909880005,-0.06182824862681187,0.051810657729727705,1
8,3,-0.38245940051328,-0.3828994024047545,0.1578876884637639,0.006594039290988051,-0.061828248626811855,0.0518106577297277,1
8,3,-0.2173102226892445,0.2396379709864198,0.37179582916997256,0.006594039290988064,-0.06182824862681187,0.0518106577297277,1
8,3,-0.4930625328040983,0.3221561470554304,0.3889689601142112,0.006594039290988023,-0.06182824862681187,0.051810657729727705,1
8,3,0.4692610791802194,-0.07912729765558746,0.4247991919069205,0.006594039290988065,-0.061828248626811855,0.0518106577297277,1
8,3,0.2500736382443387,0.04799923041568621,0.10049708860874351,0.006594039290988037,-0.061828248626811855,0.0518106577297277,1
8,3,0.3277607116173651,-0.17702912434486762,0.05837481111072562,0.006594039291017055,-0.06182824862681959,0.05181065772972424,1
8,3,0.0869972309756144,0.1478033325419008,0.5676188160591085,0.006594039290988049,-0.06182824862681186,0.0518106577297277,1
8,3,0.3341695024557676,0.2015390753444415,0.653441590310821,0.006594039290987972,-0.06182824862681184,0.0518106577297277,1
8,3,0.006855121689911314,0.2695117902257562,0.6483586765631559,0.006594039290988028,-0.06182824862681186,0.0518106577297277,1
8,3,0.015890707537765225,0.17671760376209056,0.8935894682004788,0.006594039290988079,-0.061828248626811855,0.0518106577297277,1
8,3,0.09836877247878095,0.13798087073754095,0.4348736351341451,0.006594039290988033,-0.06182824862681186,0.0518106577297277,1
8,3,-0.2106751057661631,-0.3960267133872415,0.4399413746936438,0.006594039290935741,-0.06182824862679797,0.05181065772973394,1
8,3,0.17541978285886772,0.399342085552548,0.39362081725656184,0.006594039290988018,-0.061828248626811876,0.05181065772972771,1
8,3,-0.062207465977374365,-0.316908312651641,0.7922754121277902,0.006594039290988071,-0.061828248626811855,0.05181065772972769,1
8,3,0.1101196727697169,0.4390722938902043,0.36371414861501483,0.00659403929098805,-0.06182824862681187,0.0518106577297277,1
8,3,-0.22752050948238,-0.05280215745932848,0.755081675026414,0.0065940392912308896,-0.061828248626872855,0.05181065772970005,1
8,3,-0.27358893584178556,0.4949226518327945,0.5479675422332622,0.006594039290988002,-0.061828248626811855,0.05181065772972771,1
8,3,-0.46087769801511125,-0.07571104608150248,0.3007660221712214,0.006594039290988022,-0.06182824862681187,0.05181065772972771,1
8,3,0.19387898936214243,0.361248393468661,0.8804512395064845,0.006594039290988025,-0.061828248626811876,0.051810657729727705,1
8,3,0.45609345691270065,-0.294073976908948,0.8079373865612212,0.006594039290988001,-0.061828248626811855,0.051810657729727705,1
8,3,-0.2050153681859792,-0.009776365046464841,0.41413894227215686,0.006594039290988031,-0.06182824862681186,0.0518106577297277,1
8,3,0.39469739041804575,0.2151753180455125,0.8205783129227753,0.006594039290988014,-0.061828248626811876,0.05181065772972771,1
8,3,0.34447692866179813,0.19072751396135534,0.49009673020152955,0.006594039290987998,-0.06182824862681187,0.05181065772972771,1
8,3,-0.2823752104788262,0.10501169595323412,0.8648129919382284,0.006594039290988035,-0.06182824862681186,0.051810657729727705,1
8,3,-0.18195317131387223,-0.4318927882171846,0.709122559423176,0.006594039290988036,-0.06182824862681186,0.0518106577297277,1
8,3,0.374139338167216,0.13626672268218676,0.315290915280114,0.006594039290988022,-0.061828248626811876,0.051810657729727705,1
8,3,-0.49774211238566535,0.046671982384026034,0.9108203040225407,0.006594039290988129,-0.061828248626811855,0.051810657729727684,1
8,3,-0.12031511106478354,-0.2685155489310045,0.01719812386158348,0.006594039290987971,-0.06182824862681186,0.051810657729727705,1
8,3,-0.027752564336230856,0.07197531905551613,0.30010664924202124,0.006594039290988109,-0.06182824862681186,0.05181065772972769,1
8,3,-0.30118144152422244,-0.49574586411696764,0.12033919726481268,0.006594039290988049,-0.061828248626811855,0.051810657729727705,1
8,3,-0.492882441674074,0.30695735649882394,0.6210764672066134,0.006594039290988087,-0.061828248626811855,0.05181065772972769,1
8,3,0.08972435829819214,0.27379949444037677,0.8258293135590118,0.006594039290893137,-0.06182824862678664,0.05181065772973901,1
8,3,0.3745079360505079,-0.10211947655195641,0.17267917276688682,0.006594039290988108,-0.06182824862681185,0.051810657729727705,1
8,3,-0.43830952443995863,-0.08063020835667523,0.023615865410246517,0.006594039290988077,-0.06182824862681185,0.0518106577297277,1
8,3,0.37491156730590447,0.3735720766562636,0.08105397078477417,0.006594039290989283,-0.061828248626812084,0.05181065772972759,1
8,3,-0.1490581366550443,-0.3408886919985783,0.1975789895337512,0.006594039290988057,-0.06182824862681187,0.0518106577297277,1
8,3,0.16661336692227868,0.25548882768206305,0.81996764015332,0.006594039290988061,-0.06182824862681186,0.0518106577297277,1
8,3,0.3202343529036873,0.35955859428542647,0.9018820735327306,0.006594039290988007,-0.06182824862681186,0.0518106577297277,1
8,3,0.44490152678772943,-0.12109555278963668,0.4629574543619539,0.0065940392909880595,-0.06182824862681186,0.0518106577297277,1
8,3,-0.3735605212738715,-0.3136307842269159,0.0037596834723307992,0.006594039290988046,-0.061828248626811855,0.0518106577297277,1
8,3,-0.4903660945370467,-0.26842215641672484,0.6689393894192728,0.0065940392909880135,-0.06182824862681187,0.05181065772972771,1
8,3,-0.11773387457214968,-0.013586428264811046,0.31552857929376366,0.006594039290988003,-0.061828248626811876,0.051810657729727705,1
8,3,0.1919019077203694,-0.3812312298601539,0.355439434707145,0.00659403929098797,-0.061828248626811855,0.051810657729727705,1
8,3,0.07396219969517759,-0.025695007734346742,0.026807919647733103,0.006594039290988096,-0.06182824862681187,0.05181065772972769,1
8,3,0.13443231028628122,-0.1916375485325632,0.8794561524264128,0.006594039291088813,-0.0618282486268371,0.05181065772971625,1
8,3,0.2852753794137468,-0.034804455391401534,0.4277881286042158,0.006594039290988038,-0.06182824862681186,0.05181065772972769,1
8,3,0.2745762647909,0.42569527809370755,0.20493428699996818,0.006594039290988024,-0.06182824862681185,0.051810657729727705,1
8,3,0.21522095482040915,-0.3721699804828493,0.3521762236013346,0.006594039290988119,-0.06182824862681187,0.05181065772972769,1
8,3,-0.48642374370434727,-0.11309531300343623,0.6569932368495504,0.00659403929098803,-0.061828248626811876,0.051810657729727705,1
8,3,-0.46699014912190306,-0.010314055152162993,0.7912000843082274,0.006594039290988066,-0.06182824862681186,0.0518106577297277,1
8,3,0.08468719341832753,-0.2207021115121801,0.8150661038036453,0.006594039290988035,-0.06182824862681186,0.051810657729727705,1
8,3,-0.4578792492366277,-0.4810767946002539,0.2861172679331685,0.006594039290988095,-0.06182824862681186,0.05181065772972769,1
8,3,0.07763900711931804,0.22024335141506235,0.09637677353102081,0.006594039290988053,-0.06182824862681186,0.0518106577297277,1
8,3,-0.031378112824627546,0.08901262008936572,0.8767225223096131,0.00659403929098808,-0.06182824862681185,0.05181065772972769,1
8,3,-0.09918012425301881,-0.1230394597473441,0.61765719722301,0.006594039290988081,-0.061828248626811876,0.0518106577297277,1
8,3,0.23287543396450272,0.18634378203629987,0.9358479359626615,0.0065940392909880395,-0.06182824862681186,0.0518106577297277,1
8,3,-0.015219645151694605,0.36830421863134744,0.12925063381222768,0.006594039290987997,-0.06182824862681187,0.051810657729727705,1
8,3,0.018116483355304247,-0.4698577589086941,0.8261028522848826,0.006594039290988052,-0.061828248626811855,0.0518106577297277,1
8,3,0.40814017550210524,-0.059084811219856315,0.21450378502218048,0.006594039290988067,-0.06182824862681187,0.0518106577297277,1
8,3,0.4726377982513741,-0.2572853846156371,0.17816096806277937,0.0065940392909880075,-0.06182824862681187,0.0518106577297277,1
8,3,-0.36682867144009834,0.39844601776360755,0.6059768918047388,0.0065940392909880526,-0.06182824862681186,0.0518106577297277,1
8,3,0.01614015097629662,0.04730019353229964,0.1364076672253347,0.006594039290988045,-0.061828248626811855,0.0518106577297277,1
8,3,0.3327066441445148,0.4818602553029512,0.06938255139421767,0.006594039290988014,-0.06182824862681186,0.0518106577297277,1
8,3,-0.17948752446993166,0.2278525507763549,0.1633950603836416,0.006594039290988052,-0.061828248626811855,0.051810657729727705,1
8,3,-0.19678108351925716,-0.10934961721838432,0.8350709645302756,0.006594039290933876,-0.06182824862679745,0.05181065772973415,1
8,3,-0.26000699873537325,-0.2518101754172881,0.7423203206287956,0.0065940392909880656,-0.06182824862681186,0.05181065772972769,1
8,3,-0.11509094309881229,0.25326970462791576,0.9975255546814559,0.006594039290988042,-0.06182824862681186,0.0518106577297277,1
8,3,0.10049905431391992,-0.2708795494728915,0.26044741985966957,0.006594039290988127,-0.06182824862681187,0.0518106577297277,1
8,3,-0.03332299307481268,0.16018997856845907,0.245907468654476,0.006594039290987907,-0.06182824862681184,0.05181065772972771,1
8,3,0.22776393217056445,0.3334293514433264,0.4712585284950237,0.006594039290988106,-0.061828248626811876,0.05181065772972769,1
8,3,0.054282171563029946,-0.21952929936712295,0.7460597730603167,0.006594039290988056,-0.061828248626811855,0.05181065772972769,1
8,3,0.13155066620648426,-0.1272535303432074,0.8182797784958122,0.006594039290988031,-0.06182824862681186,0.051810657729727705,1
8,3,-0.12536265140044556,-0.11612957528098633,0.02511522807297406,0.006594039290988015,-0.061828248626811855,0.0518106577297277,1
8,3,0.008052578327698567,0.03829739436772894,0.28786282432724697,0.006594039290988084,-0.06182824862681186,0.0518106577297277,1
8,3,-0.497746323467706,0.2597655714510967,0.8147238253150284,0.006594039290988023,-0.06182824862681186,0.0518106577297277,1
8,3,0.3731433333174292,-0.15549529409062912,0.7871343267127531,0.0065940392909881245,-0.06182824862681187,0.0518106577297277,1
8,3,-0.07213280217793372,0.06635511379245251,0.06620487041455747,0.006594039290988057,-0.06182824862681186,0.0518106577297277,1
8,3,-0.4797929964161052,-0.23380336545249247,0.7170403143771167,0.006594039290988047,-0.06182824862681187,0.05181065772972771,1
8,3,-0.09133548546326908,0.31443128105235485,0.8457938846249378,0.006594039290988072,-0.06182824862681187,0.0518106577297277,1
8,3,-0.16593653887945692,0.32687633636127633,0.20612535134830057,0.006594039290988057,-0.06182824862681186,0.0518106577297277,1
8,3,0.01555025785068831,0.20093342914237455,0.4116400423908604,0.006594039290988052,-0.06182824862681187,0.051810657729727705,1
8,3,-0.4450759175540111,-0.26774461426604423,0.10105529747410569,0.006594039290988081,-0.06182824862681185,0.0518106577297277,1
8,3,-0.12674950187307954,0.30270986312630077,0.06526116996571552,0.006594039290988059,-0.06182824862681187,0.0518106577297277,1
8,3,0.07874713202852579,0.03931234209753609,0.8144228427284563,0.006594039290988059,-0.06182824862681187,0.0518106577297277,1
8,3,-0.03363977731264112,0.3791858059523068,0.9108287337900693,0.00659403929098804,-0.061828248626811876,0.05181065772972771,1
8,3,-0.3845719269680554,0.4805483071617602,0.9771152091263484,0.006594039290988081,-0.061828248626811855,0.05181065772972769,1
8,3,0.30228234367021,0.444851440494723,0.9239351682086803,0.0065940392909880526,-0.06182824862681186,0.05181065772972769,1
8,3,0.4115195517284762,0.2781574069203985,0.8106729999494326,0.006594039290987975,-0.06182824862681187,0.05181065772972771,1
8,3,-0.3975349175577274,0.030365301241031428,0.9097196393569515,0.006594039290988024,-0.061828248626811855,0.05181065772972771,1
8,3,-0.03634582387523544,0.28400875144293414,0.46485166790641697,0.006594039290988055,-0.061828248626811855,0.0518106577297277,1
8,3,0.2483938542120654,-0.19753236169333022,0.681192125088864,0.006594039290988053,-0.06182824862681186,0.0518106577297277,1
8,3,-0.11448685296079009,-0.14527787956600502,0.1615747366920619,0.006594039290988004,-0.06182824862681187,0.0518106577297277,1
8,3,0.3732942476904795,-0.18957561044387972,0.9595316403180651,0.006594039290988078,-0.061828248626811855,0.0518106577297277,1
8,3,-0.2593467402326133,-0.48540904493959336,0.0557857848467207,0.006594039290988013,-0.06182824862681186,0.05181065772972771,1
8,3,0.34999540224402725,0.4594158958029808,0.3610696838043719,0.006594039290987971,-0.061828248626811855,0.05181065772972771,1
8,3,-0.06602703929005682,0.24066931848476236,0.7638497393193713,0.006594039290988106,-0.06182824862681188,0.0518106577297277,1
8,3,0.34480482795065925,-0.028489668001336677,0.09016793714586391,0.006594039290988064,-0.06182824862681186,0.0518106577297277,1
8,3,-0.29729485481621,0.32612311205222766,0.6122916780279448,0.0065940392909880794,-0.061828248626811876,0.0518106577297277,1
8,3,0.33873432061865993,-0.24619457186359983,0.22115881645830338,0.006594039290988079,-0.06182824862681186,0.0518106577297277,1
8,3,0.10016170301803151,-0.23287142566659025,0.60124962506178,0.006594039290988039,-0.06182824862681185,0.05181065772972769,1
8,3,0.04879475612384465,-0.13967185648986913,0.6212386781043979,0.006594039290988033,-0.06182824862681186,0.05181065772972769,1
8,3,-0.2825383837894371,-0.31566767524268813,0.9089799112039572,0.006594039290988049,-0.06182824862681186,0.05181065772972771,1
8,3,0.0809952707129129,-0.4087072100483744,0.44005789377042204,0.006594039290988053,-0.061828248626811855,0.051810657729727705,1
8,3,0.2433301778526742,-0.24216461102556686,0.3587761014159101,0.006594039290988046,-0.06182824862681187,0.0518106577297277,1
8,3,0.19896680457544935,0.09796806651114243,0.27173323641342395,0.006594039290988043,-0.061828248626811855,0.0518106577297277,1
8,3,-0.46133565486099637,0.14465910548452832,0.7914810288959402,0.006594039290988033,-0.06182824862681187,0.051810657729727705,1
8,3,0.4907232993999986,-0.22338628328636756,0.9184915759883505,0.006594039290988018,-0.06182824862681187,0.0518106577297277,1
8,3,-0.395467419426101,-0.2641179694362157,0.4505656270195584,0.006594039290988045,-0.061828248626811855,0.0518106577297277,1
8,3,0.17304421409583592,-0.2506704237520818,0.3520745725458727,0.006594039290988094,-0.06182824862681187,0.05181065772972769,1
8,3,0.06848214261422081,-0.05582864341136706,0.5792628948310716,0.006594039290988079,-0.06182824862681186,0.051810657729727705,1
8,3,-0.2059893970262754,-0.3563554633199908,0.5438033133828901,0.006594039290988029,-0.061828248626811855,0.051810657729727705,1
8,3,-0.11428819629159914,-0.20263078563334314,0.9521052419611558,0.006594039290988085,-0.06182824862681188,0.0518106577297277,1
8,3,-0.2898204883426194,-0.494380370639361,0.7986848726737039,0.0065940392909880925,-0.061828248626811855,0.0518106577297277,1
8,3,-0.31592686923151403,0.2842479126034039,0.2543183654644856,0.006594039290988065,-0.061828248626811855,0.05181065772972769,1
8,3,-0.311091705335268,0.24504969924826248,0.629471840286048,0.006594039290988075,-0.061828248626811855,0.05181065772972769,1
8,3,-0.04649916209923988,-0.4801723982234285,0.011312131177304341,0.0065940392909879944,-0.061828248626811855,0.05181065772972771,1
8,3,0.22436836079977907,-0.4592005409273914,0.9587249944733509,0.006594039290988003,-0.061828248626811876,0.051810657729727705,1
8,3,-0.49620812298502814,0.00874354124059229,0.4297761500046844,0.006594039290988065,-0.06182824862681186,0.0518106577297277,1
8,3,-0.3297492759304381,-0.13234159503818055,0.8877474527755624,0.006594039290988027,-0.06182824862681186,0.0518106577297277,1
8,3,-0.45513650389118565,-0.23976194310429166,0.076100675603191,0.006594039290988039,-0.06182824862681186,0.05181065772972769,1
8,3,-0.07409973780010182,-0.3611117024456598,0.8516963580697823,0.006594039290988111,-0.061828248626811876,0.0518106577297277,1
8,3,-0.21003863258570998,0.10144141091053993,0.7914508878354563,0.006594039290988072,-0.06182824862681186,0.0518106577297277,1
8,3,0.4467356522014643,-0.052715711330112436,0.28606110131071616,0.00659403929098809,-0.06182824862681187,0.05181065772972769,1
8,3,-0.08323975007623563,-0.4141662447991168,0.8249893719584931,0.006594039290988058,-0.061828248626811855,0.0518106577297277,1
8,3,0.24125331557603347,-0.2986445221281333,0.3986345392548727,0.006594039290988088,-0.061828248626811876,0.05181065772972769,1
8,3,0.4197974591089626,0.048121904863954956,0.38590007317177943,0.006594039290988013,-0.06182824862681187,0.0518106577297277,1
8,3,0.06316980918277793,0.18057345352973941,0.23831562270119755,0.00659403929098801,-0.06182824862681187,0.051810657729727705,1
8,3,-0.04565304497179601,0.1776479323070499,0.1888303549624477,0.006594039290988045,-0.06182824862681187,0.051810657729727705,1
8,3,0.22794264817791032,-0.06480085769703825,0.5993180237715114,0.00659403929098805,-0.06182824862681186,0.0518106577297277,1
8,3,0.37544274274401634,0.3173388363955556,0.9073149261647724,0.006594039290988044,-0.06182824862681186,0.0518106577297277,1
8,3,0.4816417752704767,-0.45999329544913126,0.16841140822640743,0.006594039290988027,-0.061828248626811855,0.051810657729727705,1
8,3,0.31553335898952994,-0.1302288510306553,0.17382875952135168,0.006594039290988055,-0.061828248626811876,0.05181065772972771,1
8,3,0.41124909868637327,-0.20577693842465195,0.38578660323820935,0.0065940392909880855,-0.061828248626811876,0.0518106577297277,1
8,3,-0.2428737143871047,0.08020583761779543,0.7724397057064085,0.006594039290988016,-0.06182824862681187,0.05181065772972769,1
8,3,0.2267912214026293,0.48026685317694207,0.5714470450243605,0.006594039290988057,-0.06182824862681186,0.051810657729727705,1
8,3,0.0025196900966777402,0.2229956728556466,0.43261934442998085,0.006594039290988021,-0.06182824862681186,0.0518106577297277,1
8,3,0.27590361486594905,-0.38981201020930056,0.4168790055157603,0.006594039290988057,-0.06182824862681187,0.051810657729727705,1
8,3,-0.47332941402604845,0.015129030138633537,0.41714664117651323,0.006594039290988043,-0.06182824862681187,0.0518106577297277,1
8,3,-0.15994223859131096,-0.044694758225404696,0.3029688017700487,0.006594039290988014,-0.061828248626811876,0.0518106577297277,1
8,3,0.13276600873695976,-0.44316404437334755,0.3892596378486315,0.006594039290988012,-0.061828248626811876,0.051810657729727705,1
8,3,-0.4120532891024211,0.26089549244084687,0.7361059493645474,0.006594039290988032,-0.06182824862681187,0.0518106577297277,1
8,3,0.10801519770993884,-0.48048793574740967,0.9152749677986376,0.006594039290988029,-0.061828248626811855,0.05181065772972771,1
8,3,-0.13744872930557417,-0.437894942881369,0.49737994292641363,0.006594039290988021,-0.06182824862681186,0.05181065772972771,1
8,3,-0.15031499627307054,0.020253297302854634,0.26313309566680454,0.006594039290987944,-0.06182824862681183,0.051810657729727705,1
8,3,-0.44019065351071407,-0.17928473581301296,0.3337409195221328,0.006594039290988077,-0.06182824862681185,0.0518106577297277,1
8,3,0.09801741445866363,0.1039488309287373,0.3217799519354205,0.006594039290988051,-0.06182824862681186,0.051810657729727705,1
8,3,-0.07444114948973635,0.38761008732467506,0.757763250933575,0.006594039290988047,-0.061828248626811855,0.05181065772972769,1
8,3,0.08448387556394321,-0.1873731999671262,0.4608865990818485,0.006594039290988088,-0.06182824862681187,0.05181065772972769,1
8,3,-0.32219402386903684,0.0645828950310563,0.16269406267334485,0.00659403929098804,-0.06182824862681186,0.0518106577297277,1
8,3,0.40847044765894447,0.2729602042603432,0.9334620093732535,0.006594039290988018,-0.06182824862681186,0.051810657729727705,1
8,3,0.2946115149506501,-0.2263364527911873,0.33131145724567257,0.0065940392909880855,-0.061828248626811876,0.05181065772972769,1
8,3,0.3533238980874851,-0.12241717772300453,0.7885517120279508,0.006594039290988029,-0.06182824862681187,0.051810657729727705,1
8,3,-0.18271017094469189,-0.20738456769437574,0.000970645601280129,0.006594039290988072,-0.06182824862681186,0.0518106577297277,1
8,3,0.49398832128153525,0.4870586926575944,0.10587932092691954,0.006594039290988061,-0.06182824862681187,0.05181065772972769,1
8,3,-0.17062182025301165,-0.17766449264123585,0.9248617155154895,0.006594039290988085,-0.061828248626811855,0.05181065772972769,1
8,3,-0.32578325279290676,0.46932064172238896,0.14403858904420863,0.006594039290988098,-0.06182824862681185,0.0518106577297277,1
8,3,-0.18176290770023695,-0.14090528931138402,0.0670509479043575,0.006594039290988063,-0.06182824862681184,0.0518106577297277,1
8,3,0.43953888774219174,-0.03242030855632483,0.9281715596815072,0.006594039290988065,-0.061828248626811855,0.0518106577297277,1
8,3,0.18977637172855744,-0.4495271023959533,0.06294436539121495,0.006594039290988083,-0.06182824862681186,0.05181065772972769,1
8,3,0.3883135573907972,0.2148969645860026,0.6195130864351259,0.006594039290988042,-0.061828248626811855,0.051810657729727705,1
8,3,-0.15508327114325016,-0.3575934985931175,0.23094061955903622,0.006594039290988018,-0.06182824862681186,0.051810657729727705,1
8,3,-0.20598695281622215,0.268374297792612,0.625750461417683,0.006594039290988035,-0.061828248626811855,0.051810657729727705,1
8,3,0.04496357165493925,-0.2478683347651467,0.5091044621819416,0.006594039290988046,-0.06182824862681185,0.051810657729727705,1
8,3,0.32823218622991823,-0.07557907607527437,0.3039431012875222,0.0065940392909880725,-0.061828248626811855,0.05181065772972769,1
8,3,0.3599926098352839,-0.11979881945278414,0.8960116224432464,0.006594039290987953,-0.06182824862681186,0.05181065772972771,1
8,3,0.03975250485546056,-0.36955420064782496,0.4819064967081952,0.0065940392909880075,-0.06182824862681186,0.051810657729727705,1
8,3,0.10511302546494838,0.12132746347085588,0.9024008386177553,0.006594039290988059,-0.061828248626811855,0.05181065772972769,1
8,3,0.36155865563472944,0.34944294876232074,0.7868844115380074,0.0065940392909881376,-0.061828248626811876,0.05181065772972769,1
8,3,0.3827116843538694,-0.13919936148730638,0.9771210902700538,0.0065940392909880855,-0.06182824862681186,0.05181065772972769,1
8,3,0.31423817675938337,0.15763648193165847,0.48558359907929227,0.006594039290988032,-0.06182824862681186,0.0518106577297277,1
8,3,0.0708507403937273,-0.12550049974448418,0.9277860560764297,0.006594039290988008,-0.06182824862681187,0.051810657729727705,1
8,3,-0.2838776040490014,0.06923326386992978,0.21449885274148794,0.006594039290988044,-0.061828248626811855,0.051810657729727705,1
8,3,-0.011819080430195195,-0.18057398154561666,0.5111016722760915,0.006594039290988046,-0.06182824862681186,0.051810657729727705,1
8,3,0.11258180713749466,-0.30407798465481206,0.6684034284106395,0.006594039290988013,-0.06182824862681187,0.051810657729727705,1
8,3,-0.23473842201481765,-0.1592165922540345,0.49211422411028893,0.006594039290988011,-0.06182824862681187,0.051810657729727705,1
8,3,0.04718096112471626,0.06528253543186846,0.4049990901581748,0.006594039290988076,-0.061828248626811876,0.0518106577297277,1
8,3,0.06834987794978065,-0.2620132375413575,0.792236121467123,0.006594039290988069,-0.06182824862681186,0.05181065772972769,1
8,3,0.31013090069609595,0.029130923435117584,0.4196509386550531,0.006594039290988085,-0.06182824862681188,0.051810657729727705,1
8,3,-0.3992895093995703,-0.12202074095772142,0.434357507888667,0.006594039290988083,-0.06182824862681186,0.051810657729727684,1
8,3,0.20095606584475956,0.33667257875434164,0.3280990128611667,0.006594039290988057,-0.061828248626811855,0.0518106577297277,1
8,3,-0.02054037609312087,7.46624204417401e-6,0.5831829920476854,0.006594039290981579,-0.06182824862681016,0.051810657729728475,1
8,3,-0.17417005861657286,-0.08931244312043418,0.33941756451234717,0.006594039291235968,-0.061828248626874124,0.051810657729699505,1
8,3,-0.3289718941949522,0.2775520272717653,0.8240837210374603,0.0065940392909880656,-0.06182824862681186,0.0518106577297277,1
8,3,-0.18590593278325307,-0.3987567126402598,0.8585346363731696,0.00659403929098807,-0.061828248626811855,0.0518106577297277,1
8,3,-0.09461622669136416,-0.41268839102315513,0.18749811455877152,0.006594039290988073,-0.06182824862681186,0.0518106577297277,1
8,3,-0.2935753555979721,-0.489291971823002,0.9031442597713033,0.00659403929098807,-0.06182824862681186,0.0518106577297277,1
8,3,0.3551955338050232,0.3509454932293208,0.7003993029777835,0.006594039290988095,-0.06182824862681185,0.05181065772972769,1
8,3,-0.07602014639762089,-0.4618887663080531,0.5306236876978345,0.006594039290988106,-0.061828248626811855,0.05181065772972769,1
8,3,-0.11784914836837657,-0.39210468276370447,0.959407843609817,0.0065940392909880725,-0.06182824862681186,0.0518106577297277,1
8,3,-0.3635943814937821,-0.42542897997798557,0.7097756020420765,0.006594039290988046,-0.06182824862681186,0.0518106577297277,1
8,3,0.32708328623062033,-0.2899395071829758,0.7337753102380296,0.006594039290988071,-0.061828248626811876,0.0518106577297277,1
8,3,0.15969065920201642,0.04205216322670147,0.414217278420417,0.00659403929099326,-0.06182824862681324,0.05181065772972709,1
8,3,-0.20296634173568506,0.3017031138335897,0.11371760677305787,0.006594039290988062,-0.06182824862681186,0.051810657729727705,1
8,3,-0.276510914616116,-0.0027470052356939334,0.1645063828062514,0.00659403929098803,-0.06182824862681187,0.051810657729727705,1
8,3,-0.0970415748943747,-0.1811196759012632,0.8590004052312301,0.006594039290988093,-0.061828248626811855,0.0518106577297277,1
8,3,-0.08814434932473669,-0.07438159708164793,0.9879200122086942,0.006594039290988005,-0.061828248626811876,0.051810657729727705,1
8,3,0.316575507241172,-0.37867752841459157,0.2790526327283398,0.006594039290988046,-0.06182824862681186,0.0518106577297277,1
8,3,0.06724879270636075,-0.48688846786755513,0.6925927918437158,0.006594039290988042,-0.06182824862681186,0.0518106577297277,1
8,3,-0.1270039140337973,0.10449178038067419,0.6137416963708227,0.006594039290988095,-0.06182824862681188,0.05181065772972769,1
8,3,-0.04814999650270391,-0.4985748203199849,0.512821215369617,0.006594039290988044,-0.061828248626811855,0.051810657729727705,1
8,3,0.057955019785832285,-0.34915549435225635,0.6099945088382104,0.00659403929098804,-0.061828248626811855,0.0518106577297277,1
8,3,-0.07439862401474495,0.3492998335376618,0.07755880370658952,0.006594039290988039,-0.06182824862681187,0.0518106577297277,1
8,3,-0.16764309777189523,0.23304677120273576,0.7569793878792765,0.006594039290988071,-0.06182824862681186,0.05181065772972769,1
8,3,-0.34028165770484375,-0.22233778695067685,0.09485536522038807,0.006594039290988059,-0.06182824862681186,0.05181065772972769,1
8,3,-0.32069978576248426,0.07940166691264716,0.895518210903244,0.006594039290988054,-0.06182824862681186,0.05181065772972769,1
8,3,0.48394563571610316,-0.20674453904662915,0.1790815307490219,0.006594039290988049,-0.061828248626811855,0.0518106577297277,1
8,3,-0.08587626042646002,0.3642071644516025,0.870315355855918,0.006594039291043928,-0.061828248626825885,0.051810657729721335,1
8,3,0.08110458863250636,0.2979313697489059,0.9189833241524239,0.0065940392909880465,-0.06182824862681187,0.051810657729727705,1
8,3,-0.3265633549906244,0.02711185052512355,0.945419265104888,0.0065940392907757606,-0.06182824862675842,0.05181065772975193,1
8,3,-0.06472735772396399,0.1741618931181792,0.5752373369227888,0.0065940392916901,-0.0618282486269873,0.05181065772964809,1
8,3,-0.4265342486469197,0.014228077108084491,0.6554178232894854,0.006594039290988037,-0.06182824862681187,0.0518106577297277,1
8,3,-0.11149361647400569,0.07433150392753118,0.14545085554877746,0.006594039290988024,-0.06182824862681187,0.051810657729727705,1
8,3,-0.40452123197644907,0.4451924476379956,0.9786591520534387,0.006594039290988033,-0.06182824862681186,0.051810657729727705,1
8,3,-0.022381664540811252,0.26726689164309225,0.54792566436208,0.006594039290988034,-0.06182824862681186,0.0518106577297277,1
8,3,0.37846783644795523,0.4225095427918759,0.523527173794925,0.006594039290988055,-0.061828248626811855,0.051810657729727705,1
8,3,0.16267612764405825,-0.1700571487751681,0.9532985434276171,0.00659403929098809,-0.06182824862681187,0.05181065772972769,1
8,3,-0.4149998692507144,0.0045816693194358216,0.9175831508293364,0.006594039290988025,-0.06182824862681186,0.051810657729727705,1
8,3,0.19982859986945933,0.08208793747904242,0.23876977814476352,0.006594039290988028,-0.06182824862681186,0.051810657729727705,1
8,3,0.1842095536606243,0.487817281418951,0.8676835344132341,0.006594039290988081,-0.061828248626811855,0.0518106577297277,1
8,3,-0.013181911779997835,0.14533984872581351,0.8979873029947796,0.006594039290988093,-0.06182824862681185,0.05181065772972769,1
8,3,-0.46868565466919176,0.45349627374650026,0.7241476849097954,0.006594039290988071,-0.06182824862681187,0.0518106577297277,1
8,3,0.2353558339060049,-0.10038125527960262,0.42653894076293386,0.006594039290987854,-0.06182824862681183,0.05181065772972771,1
8,3,-0.4161187340980599,0.04307225358160793,0.5219852680442398,0.00659403929098799,-0.061828248626811876,0.05181065772972771,1
8,3,-0.37076687380617357,-0.06428585092622874,0.6545488938858119,0.006594039290988034,-0.06182824862681186,0.0518106577297277,1
8,3,0.42540085318759946,-0.18891315235174,0.9360547218879633,0.006594039290988065,-0.06182824862681187,0.05181065772972769,1
8,3,-0.3461914754120834,-0.036176349451565226,0.30583107527463427,0.006594039290988039,-0.06182824862681186,0.0518106577297277,1
8,3,-0.2741153401221874,-0.42145401873224975,0.8250687888808377,0.006594039290987999,-0.06182824862681187,0.05181065772972771,1
8,3,0.06262983423047452,-0.2717056167434271,0.9654298525267675,0.006594039290988083,-0.06182824862681186,0.05181065772972769,1
8,3,-0.20865700245810048,-0.14207337947933674,0.4254457228398769,0.006594039290987909,-0.06182824862681184,0.05181065772972771,1
8,3,-0.03171552395879362,0.4525398918815784,0.9235686404405821,0.006594039290988,-0.061828248626811834,0.051810657729727705,1
8,3,-0.29345534035687004,0.31089451878307006,0.8781574759670889,0.006594039290988098,-0.061828248626811855,0.0518106577297277,1
8,3,-0.2981045621548637,0.4427830143145788,0.1297407645921369,0.006594039290988049,-0.06182824862681186,0.051810657729727705,1
8,3,-0.09870601091474107,0.32788940010505074,0.44084370108795956,0.00659403929098808,-0.06182824862681186,0.0518106577297277,1
8,3,0.16999554519435867,0.11816954326244766,0.5723295991211679,0.006594039290988097,-0.06182824862681188,0.05181065772972769,1
8,3,0.49317383259951897,0.47790817269138786,0.05807012414809409,0.006594039290988065,-0.061828248626811855,0.05181065772972771,1
8,3,0.14285051052995046,0.20463740486523663,0.9166826232024272,0.00659403929098808,-0.06182824862681187,0.051810657729727705,1
8,3,0.005848952749101688,-0.04420425276919948,0.782469671370964,0.0065940392909880465,-0.06182824862681187,0.051810657729727705,1
8,3,-0.3900980497444162,-0.18077211273546845,0.42677698915660023,0.00659403929098798,-0.06182824862681184,0.051810657729727705,1
8,3,-0.25251052587058087,-0.16332701526825733,0.03018105268080462,0.006594039290988044,-0.06182824862681187,0.05181065772972769,1
8,3,-0.17415260106387165,0.10577650813558659,0.18652760915787514,0.00659403929098806,-0.06182824862681187,0.051810657729727705,1
8,3,-0.2098901280414529,-0.372637193625559,0.7323802469313412,0.0065940392909880656,-0.061828248626811855,0.0518106577297277,1
8,3,0.3473423798448967,-0.3338834306968612,0.012612505322576961,0.006594039290988096,-0.06182824862681185,0.051810657729727684,1
8,3,0.4994392692223433,0.060123430503001396,0.8530899935795144,0.006594039290988048,-0.06182824862681187,0.0518106577297277,1
8,3,-0.1657406031922466,0.26539061758933125,0.2737907013511063,0.006594039290988044,-0.061828248626811855,0.051810657729727684,1
8,3,0.11855294350937351,0.22679847468768766,0.7985199668728227,0.0065940392909880656,-0.061828248626811855,0.05181065772972769,1
8,3,-0.10984653816547563,-0.034612110635837245,0.20124962278656588,0.006594039291061112,-0.06182824862683037,0.05181065772971931,1
8,3,-0.11660574750497332,0.44013351363344966,0.7222794661145628,0.006594039290988062,-0.061828248626811855,0.051810657729727705,1
8,3,-0.26261548124818845,0.2770493703987058,0.17136014067656835,0.006594039290988052,-0.06182824862681186,0.0518106577297277,1
8,3,0.32701667468552875,0.19363836588034777,0.42183616515406563,0.006594039290988069,-0.06182824862681187,0.0518106577297277,1
8,3,-0.3785113950868777,-0.45881076985474745,0.42537993805938124,0.006594039290988088,-0.061828248626811855,0.0518106577297277,1
8,3,0.10599040377094915,0.4801732493220645,0.4171977837169789,0.006594039290988031,-0.06182824862681187,0.051810657729727705,1
8,3,-0.44257145441042267,-0.48727398284657153,0.09242174771292055,0.006594039290988037,-0.06182824862681183,0.05181065772972771,1
8,3,-0.10180566338137975,0.2669712382637557,0.8196840950594075,0.006594039290988103,-0.061828248626811876,0.0518106577297277,1
8,3,-0.2902394624073361,-0.08038276322939675,0.8226950979039613,0.006594039290988069,-0.06182824862681187,0.0518106577297277,1
8,3,0.21085226354804854,-0.16434439087485475,0.8433347816487444,0.006594039290988105,-0.061828248626811876,0.0518106577297277,1
8,3,-0.2943467804416564,0.19388930708331098,0.7922289426916622,0.006594039290988046,-0.06182824862681186,0.0518106577297277,1
8,3,-0.08057787084903256,-0.2967426053262805,0.6224382677144402,0.006594039290988013,-0.06182824862681187,0.051810657729727705,1
8,3,0.35109140840859343,0.2534747127242243,0.8712483008317444,0.006594039290988057,-0.061828248626811876,0.051810657729727705,1
8,3,0.13209021071354843,-0.4086928848325966,0.0005351879790245206,0.0065940392909879806,-0.06182824862681185,0.0518106577297277,1
8,3,0.45326570459918014,0.062449651301022424,0.7047871893812909,0.006594039290988048,-0.06182824862681186,0.0518106577297277,1
8,3,-0.4096131930632152,0.39254059208200087,0.02491819725876976,0.006594039290988027,-0.06182824862681187,0.0518106577297277,1
8,3,0.01647034144248849,0.2863488562609826,0.6524611897732149,0.006594039290987983,-0.06182824862681186,0.051810657729727705,1
8,3,0.2619542203178151,-0.2504772926510226,0.9116644392432327,0.0065940392909880595,-0.06182824862681187,0.05181065772972769,1
8,3,-0.45959661943476227,0.2725446735947976,0.40343197615033466,0.006594039290988058,-0.061828248626811876,0.0518106577297277,1
8,3,0.36765141269831303,-0.33422241981579814,0.4756252336358131,0.0065940392909880265,-0.06182824862681187,0.0518106577297277,1
8,3,-0.3394027424737196,-0.418532759192223,0.2887949443550817,0.006594039290988033,-0.06182824862681186,0.0518106577297277,1
8,3,0.2674266124969684,-0.3677096065735177,0.05825914308891056,0.0065940392909880075,-0.061828248626811876,0.051810657729727705,1
8,3,0.2157183776331142,0.2643555197470533,0.4297076319479247,0.0065940392909880855,-0.061828248626811876,0.0518106577297277,1
8,3,0.2098202535369933,0.010197992572688497,0.5151650356123094,0.006594039291028192,-0.06182824862682206,0.051810657729723104,1
8,3,0.001394931786946385,-0.030350328134330473,0.8145529060692638,0.006594039290988139,-0.06182824862681189,0.051810657729727684,1
8,3,0.040687254126531514,-0.09401783825253052,0.23392208198066733,0.006594039290988064,-0.06182824862681186,0.0518106577297277,1
8,3,0.0346132499943963,-0.21151030716689045,0.2787341726631678,0.006594039290988072,-0.06182824862681186,0.0518106577297277,1
8,3,-0.37632237013121017,0.3206688327019842,0.42806183681255505,0.0065940392909881115,-0.06182824862681188,0.0518106577297277,1
8,3,0.4974533741171199,0.002606693309469277,0.12386534058637766,0.00659403929098806,-0.06182824862681187,0.0518106577297277,1
8,3,0.09767088120851719,-0.13621255065205484,0.35288726874545406,0.0065940392909880465,-0.06182824862681187,0.0518106577297277,1
8,3,-0.3140548929280227,-0.47465432125351437,0.3334166576692563,0.006594039290988078,-0.06182824862681186,0.0518106577297277,1
8,3,-0.0847808338645335,0.3823745658062039,0.08084174391647747,0.006594039290988008,-0.061828248626811876,0.05181065772972769,1
8,3,0.40764075431238966,-0.027130662603712663,0.7191560334477898,0.0065940392909881055,-0.061828248626811876,0.05181065772972769,1
8,3,-0.2671411249746851,-0.19491266059793522,0.8477740360687176,0.006594039290988049,-0.061828248626811855,0.05181065772972769,1
8,3,-0.24368690809433624,-0.3474730941400117,0.5383921724287917,0.006594039290988066,-0.06182824862681185,0.0518106577297277,1
8,3,-0.3668324175102837,0.16087888769787884,0.9819668872941616,0.006594039290988002,-0.06182824862681186,0.0518106577297277,1
8,3,-0.20036238136261186,0.41645920228762434,0.8465408126248744,0.006594039290988045,-0.06182824862681187,0.051810657729727705,1
8,3,-0.285229621129963,0.3345354858735925,0.6172851422901597,0.006594039290988042,-0.06182824862681186,0.05181065772972769,1
8,3,0.08222393477791345,0.46441641609280526,0.6990192074232799,0.0065940392909881,-0.06182824862681185,0.05181065772972769,1
8,3,-0.1291834246724226,0.001193156585114874,0.9422992763107794,0.006594039290988037,-0.06182824862681186,0.0518106577297277,1
8,3,-0.4462210519636569,0.009590913425572944,0.8202897176296879,0.006594039290988036,-0.061828248626811855,0.0518106577297277,1
8,3,-0.15432654666052326,0.48679559718210785,0.5332736368045718,0.006594039290988067,-0.061828248626811876,0.0518106577297277,1
8,3,-0.44931367057318883,0.09942456846719683,0.319616860376049,0.006594039291360327,-0.06182824862690498,0.05181065772968543,1
8,3,0.3285016641621865,0.333472514842464,0.6440656691732802,0.006594039290987967,-0.061828248626811876,0.05181065772972771,1
8,3,-0.10159067482077444,0.47220232145976104,0.052775037517260204,0.006594039290987972,-0.061828248626811855,0.051810657729727705,1
8,3,-0.2505533766067831,0.09832857775622994,0.29785549441706527,0.006594039290988072,-0.06182824862681186,0.051810657729727705,1
8,3,-0.4960854053515218,0.2608413666962479,0.35170674949363256,0.006594039290988044,-0.061828248626811876,0.0518106577297277,1
8,3,-0.15713694230306285,0.4987118529351384,0.8620765188081354,0.006594039290988009,-0.061828248626811855,0.05181065772972771,1
8,3,-0.3968376577077193,-0.3442945674391049,0.8729492625430815,0.0065940392909880526,-0.06182824862681186,0.051810657729727705,1
8,3,0.2025274146208007,-0.3077525642634371,0.3601151783545342,0.00659403929098804,-0.061828248626811855,0.051810657729727705,1
8,3,0.23110742297291198,0.28294642828407524,0.2545557213539591,0.0065940392909880335,-0.06182824862681186,0.051810657729727705,1
8,3,-0.09057255005258735,-0.10690156270440743,0.0608139103675267,0.006594039290988021,-0.06182824862681187,0.05181065772972771,1
8,3,-0.18660238127889373,-0.45538292685650084,0.20337161065727183,0.00659403929098804,-0.06182824862681186,0.0518106577297277,1
8,3,-0.27451594846212557,0.10052538111733833,0.6544873903439554,0.006594039290987958,-0.06182824862681186,0.051810657729727705,1